time,norm,norm_error,E_total,E_kin,E_pot,pos_x_re,pos_x_im,pos_y_re,pos_y_im,mom_x_re,mom_x_im,mom_y_re,mom_y_im,R_avg,R_max,R_min,R_var,norm_valid,energy_valid
0,1.000000921,9.214975032e-07,1.626619665,0.7100940607,0.9165256043,64.01005888,0,64.00005899,0,0.8165474019,5.467873381e-19,-3.040844858e-05,-1.568585686e-16,0.9836064355,0.9999580383,0.3240173459,0.007286102919,1,0
0.09999999404,0.9999986478,-1.35221013e-06,1.627618796,0.7087018286,0.9189169677,64.10988291,0,63.99991337,0,0.8155385066,7.54644523e-19,-0.0003199771141,1.591046168e-16,0.9835772723,0.9999580383,0.3240295053,0.007287984849,1,0
0.1999999881,0.9999963241,-3.675881597e-06,1.627375157,0.7074333402,0.9199418166,64.20955375,0,63.9997637,0,0.8144536676,6.308137755e-20,-0.0005987768031,-8.320606552e-17,0.9836327571,0.9999580383,0.3240419626,0.007261961352,1,0
0.2999999821,0.9999940227,-5.977321639e-06,1.629905249,0.7062823335,0.9236229157,64.30894411,0,63.99961263,0,0.8133013654,8.766386332e-19,-0.0008643033102,2.180126691e-16,0.9836089539,0.9999580383,0.3240546882,0.007290023925,1,0
0.3999999762,0.9999916893,-8.310708025e-06,1.630536482,0.7052388323,0.9252976497,64.40792497,0,63.99945368,0,0.8120908565,-3.2005734e-19,-0.001118969527,-1.142555243e-16,0.9835725753,0.9999580383,0.3240676522,0.007301009453,1,0
0.5,0.9999893652,-1.063479406e-05,1.631585636,0.704290102,0.9272955336,64.50638431,0,63.99928551,0,0.8108320301,-6.804635033e-19,-0.001357408402,3.504048664e-17,0.9836142559,0.9999580383,0.3240808547,0.007275820919,1,0
0.5999999642,0.9999870717,-1.292828153e-05,1.632657024,0.7034215766,0.929235447,64.60422291,0,63.99910497,0,0.8095355053,-5.013302909e-19,-0.001584454452,7.103188628e-17,0.9836605909,0.9999580383,0.3240942657,0.007255097194,1,0
0.6999999881,0.9999847285,-1.527151876e-05,1.633191936,0.7026174994,0.9305744367,64.70135404,0,63.99890165,0,0.8082110382,4.399454826e-19,-0.001799336423,1.382378224e-16,0.9836011364,0.9999580383,0.3241079152,0.007284253412,1,0
0.7999999523,0.9999823865,-1.76134806e-05,1.634632015,0.7018628126,0.9327692029,64.79772298,0,63.99867374,0,0.8068677734,-8.654419552e-19,-0.002006715553,-1.084529025e-16,0.9835959403,0.9999580383,0.3241217732,0.007283949446,1,0
0.8999999762,0.9999800604,-1.993960088e-05,1.63468077,0.701143187,0.9335375834,64.89329986,0,63.99841616,0,0.805511786,-5.587468036e-19,-0.002197714011,-3.010264746e-17,0.9835773228,0.9999580383,0.3241357505,0.007298394129,1,0
1,0.9999776402,-2.235981585e-05,1.636623023,0.7004465596,0.9361764633,64.98807588,0,63.99811606,0,0.80415239,6.859622446e-19,-0.002382166116,-2.047165114e-16,0.9836632343,0.9999580383,0.3241499364,0.007251576861,1,0
1.100000024,0.9999752484,-2.475156343e-05,1.635699374,0.6997641693,0.935935205,65.08208831,0,63.9977755,0,0.8027893689,6.628444981e-19,-0.002561648577,8.322408833e-17,0.9836558081,0.9999580383,0.3241642416,0.007252249855,1,0
1.199999928,0.9999729062,-2.709384095e-05,1.636780986,0.6990863656,0.9376946205,65.17539576,0,63.99739067,0,0.8014353197,-3.61031919e-19,-0.002726944243,1.392824203e-16,0.9835781977,0.9999580383,0.3241785169,0.007288122871,1,0
1.299999952,0.9999706156,-2.93844179e-05,1.636032141,0.6984090238,0.9376231172,65.26808094,0,63.9969575,0,0.8000874562,-1.030185625e-18,-0.002884512163,7.336940399e-17,0.9835923275,0.9999580383,0.3241928518,0.007290083954,1,0
1.399999976,0.9999682329,-3.176710151e-05,1.637632882,0.6977247262,0.9399081554,65.36023609,0,63.9964642,0,0.7987512789,-2.760308296e-19,-0.003026337437,-1.076235224e-16,0.9836384754,0.9999580383,0.3242071271,0.007270455543,1,0
1.5,0.9999658137,-3.418632605e-05,1.636612942,0.6970347587,0.9395781832,65.45197991,0,63.99591311,0,0.7974214714,4.141061632e-19,-0.003162039529,1.500684576e-17,0.9836470109,0.9999580383,0.3242213726,0.007258271268,1,0
1.599999905,0.9999633953,-3.660471846e-05,1.637374563,0.6963395264,0.941035037,65.54343588,0,63.99530787,0,0.7960946494,9.371472116e-19,-0.003294321098,4.16493657e-17,0.9836192786,0.9999580383,0.3242356181,0.007273424991,1,0
1.699999928,0.9999609029,-3.909708662e-05,1.638129453,0.6956327762,0.9424966768,65.63472061,0,63.99464759,0,0.7947789653,4.22359794e-20,-0.003419194829,5.499696184e-17,0.983612481,0.9999580383,0.3242497444,0.007268374024,1,0
1.799999952,0.9999585205,-4.147953383e-05,1.637256136,0.6949164808,0.9423396549,65.72596192,0,63.99394954,0,0.7934676031,-4.896791095e-19,-0.003541929115,-3.651795128e-17,0.983635092,0.9999580383,0.3242640495,0.007257730773,1,0
1.899999976,0.9999562075,-4.379252909e-05,1.637101106,0.6941848213,0.9429162845,65.81726374,0,63.99321824,0,0.7921621917,-1.330402297e-18,-0.003659895421,4.487869532e-17,0.9836540079,0.9999580383,0.3242784142,0.007283837952,1,0
2,0.9999537541,-4.624593066e-05,1.636541066,0.6934380254,0.9431030405,65.90870599,0,63.99244857,0,0.7908596142,5.834065569e-19,-0.003775440068,-4.753354648e-17,0.9836485531,0.9999580383,0.324292928,0.007280826433,1,0
2.099999905,0.9999513193,-4.868065384e-05,1.637143966,0.692674896,0.9444690703,66.00037864,0,63.9916601,0,0.7895570331,-5.726374925e-20,-0.003892757027,-3.089518557e-17,0.9836160713,0.9999580383,0.3243077695,0.00728204082,1,0
2.200000048,0.9999489762,-5.102381641e-05,1.63669871,0.6918882032,0.9448105067,66.09234909,0,63.99086726,0,0.7882588091,1.300195574e-19,-0.004007279308,-4.241183408e-17,0.983604142,0.9999580383,0.3243230283,0.007287097794,1,0
2.299999952,0.9999465546,-5.344541391e-05,1.635941929,0.6910815703,0.9448603591,66.1846524,0,63.99006834,0,0.7869553035,-9.433291783e-20,-0.004131719169,4.454846827e-17,0.9836449505,0.9999580383,0.3243385255,0.007268993061,1,0
2.399999857,0.9999440481,-5.595188031e-05,1.635643711,0.6902457731,0.9453979379,66.27731642,0,63.98927237,0,0.7856565169,6.935977679e-19,-0.004252186487,1.188957108e-16,0.9836505017,0.9999580383,0.3243545592,0.007276574246,1,0
2.5,0.9999416451,-5.835492037e-05,1.636910054,0.6893826965,0.9475273571,66.37036577,0,63.98849944,0,0.7843565849,1.880023334e-19,-0.00437839706,1.812856429e-16,0.9836156887,0.9999580383,0.3243709505,0.007278864767,1,0
2.599999905,0.99993927,-6.072998997e-05,1.635852373,0.6884872889,0.9473650838,66.46379151,0,63.98775162,0,0.7830606974,1.648100502e-20,-0.004499530519,9.327178249e-17,0.9835861513,0.9999580383,0.3243877888,0.007300497119,1,0
2.700000048,0.9999368307,-6.316933307e-05,1.636275919,0.6875599089,0.9487160096,66.5575691,0,63.98702777,0,0.7817637941,-6.310274223e-19,-0.004630704319,-1.69746883e-16,0.9836685069,0.9999580383,0.3244050443,0.007249285493,1,0
2.799999952,0.9999344318,-6.556822062e-05,1.635765837,0.686599974,0.949165863,66.6516748,0,63.98633728,0,0.7804738344,-2.61567995e-19,-0.004752331623,8.393480358e-17,0.9836358925,0.9999580383,0.3244225085,0.007261210377,1,0
2.899999857,0.9999319758,-6.802424037e-05,1.637044988,0.6856082233,0.9514367642,66.74606085,0,63.98567461,0,0.7791889106,-6.400520436e-19,-0.004874638764,6.343818639e-17,0.9836223359,0.9999580383,0.3244402409,0.007273915721,1,0
3,0.9999295479,-7.045210249e-05,1.636302963,0.6845847182,0.9517182444,66.84068319,0,63.98504332,0,0.7779117945,1.254779484e-18,-0.004993511767,-2.088929884e-16,0.9835509418,0.9999580383,0.3244581223,0.007306286129,1,0
3.099999905,0.999927092,-7.290795398e-05,1.637442782,0.6835307962,0.9539119862,66.9354826,0,63.98443565,0,0.776646814,-2.741248503e-19,-0.005100295831,3.358320055e-17,0.9836369569,0.9999580383,0.3244760633,0.007269394449,1,0
3.199999809,0.9999247081,-7.529194108e-05,1.63739491,0.6824479578,0.9549469524,67.03040633,0,63.98385233,0,0.7753923164,-3.902661083e-19,-0.005198351108,1.522161887e-16,0.9836603131,0.9999580383,0.3244940341,0.007246295762,1,0
3.299999952,0.9999222579,-7.774213257e-05,1.637898504,0.6813388894,0.9565596143,67.12538391,0,63.9832775,0,0.7741507442,-1.355112313e-18,-0.005295076951,-1.130322179e-16,0.9836018009,0.9999580383,0.3245119154,0.007287376499,1,0
3.399999857,0.9999198045,-8.01955037e-05,1.638255769,0.6802073106,0.9580484585,67.22035969,0,63.98270694,0,0.772924532,-2.998405773e-19,-0.005392618111,1.95312578e-16,0.9835995802,0.9999580383,0.3245296776,0.007289502308,1,0
3.5,0.9999172609,-8.273914739e-05,1.637650567,0.6790553035,0.9585952638,67.31526973,0,63.98212651,0,0.7717140583,-1.270168077e-18,-0.005488265024,1.154284266e-16,0.9835934038,0.9999580383,0.324547261,0.007289914612,1,0
3.599999905,0.9999147716,-8.522835363e-05,1.639234698,0.6778950145,0.9613396833,67.41007031,0,63.98153639,0,0.7705326672,-8.148784206e-19,-0.005556987515,8.717926211e-17,0.9836692524,0.9999580383,0.3245645761,0.007245323807,1,0
3.699999809,0.9999123088,-8.769120992e-05,1.638308068,0.6767256198,0.9615824485,67.50471241,0,63.98092585,0,0.7693759368,4.449292329e-19,-0.005624311592,-9.693787294e-18,0.9836203753,0.9999580383,0.3245816231,0.007259661059,1,0
3.799999952,0.999909758,-9.024203256e-05,1.638636307,0.6755522196,0.9630840876,67.59914905,0,63.98027922,0,0.76824672,8.060631568e-19,-0.00568227197,4.701892915e-20,0.983614,0.9999580383,0.3245983124,0.007276829131,1,0
3.899999857,0.9999071821,-9.281787965e-05,1.639422855,0.6743798947,0.9650429607,67.6933546,0,63.97959331,0,0.7671473775,1.765040679e-18,-0.005729815709,7.553320462e-17,0.9836014721,0.9999580383,0.3246145546,0.007293969194,1,0
4,0.999904624,-9.537599442e-05,1.639595893,0.6732131622,0.9663827304,67.78731193,0,63.97886533,0,0.7660794297,1.122668501e-18,-0.005769430019,2.41313654e-17,0.9836424304,0.9999580383,0.3246303499,0.007255828514,1,0
4.099999905,0.9999020312,-9.796880713e-05,1.640385917,0.6720555579,0.968330359,67.88100721,0,63.97808822,0,0.7650434757,-1.016977721e-19,-0.00580257397,9.327040577e-17,0.9836426989,0.9999580383,0.3246456385,0.007254167677,1,0
4.199999809,0.9998994187,-0.0001005812985,1.638938149,0.6709113206,0.9680268289,67.97444073,0,63.97726158,0,0.7640407512,-4.850680267e-19,-0.00582961532,-7.452268277e-18,0.9835871085,0.9999580383,0.3246604204,0.0072885001,1,0
4.299999714,0.9998969001,-0.0001030999347,1.640439754,0.6697858139,0.9706539402,68.06762769,0,63.9763938,0,0.7630732749,-1.044484294e-18,-0.005848586673,4.517060272e-18,0.9835663077,0.9999580383,0.3246745169,0.007312006798,1,0
4.400000095,0.9998943314,-0.0001056686363,1.641052549,0.6686771361,0.9723754131,68.16057278,0,63.9754785,0,0.76213763,-3.35500844e-19,-0.005869961482,1.293422208e-16,0.9836192801,0.9999580383,0.3246879876,0.007275923441,1,0
4.5,0.9998916698,-0.0001083301936,1.640310897,0.6675934905,0.972717406,68.25329338,0,63.97451763,0,0.7612382375,8.332489739e-20,-0.005884602538,7.930552119e-17,0.9836155594,0.9999580383,0.3247008622,0.007264900619,1,0
4.599999905,0.9998890161,-0.0001109838941,1.640790401,0.6665369024,0.9742534982,68.34582055,0,63.97352388,0,0.760374872,7.09790973e-19,-0.005895836009,2.494223296e-16,0.98360545,0.9999580383,0.3247130215,0.007276697148,1,0
4.699999809,0.9998864163,-0.0001135837426,1.641479638,0.665513713,0.9759659246,68.43818387,0,63.97250666,0,0.7595504177,8.45688572e-19,-0.005901293588,-4.623798544e-17,0.9836023392,0.9999580383,0.3247245252,0.007283671543,1,0
4.799999714,0.9998838009,-0.0001161990915,1.640910462,0.6645176932,0.9763927689,68.53040693,0,63.97146909,0,0.7587590145,3.165316732e-19,-0.005906714554,-1.503403199e-17,0.9835876545,0.9999580383,0.3247353137,0.00729837387,1,0
4.900000095,0.9998812682,-0.0001187317938,1.64107755,0.6635492832,0.9775282668,68.62252512,0,63.97042439,0,0.7579996663,1.842745147e-20,-0.005913602651,-1.398484651e-17,0.9836367684,0.9999580383,0.3247454464,0.007258501422,1,0
5,0.9998787097,-0.0001212903345,1.641652032,0.6626224891,0.9790295426,68.71455906,0,63.96937333,0,0.7572808928,-1.166597565e-18,-0.00591383839,3.794614221e-17,0.9836407227,0.9999580383,0.3247549236,0.007256284762,1,0
5.099999905,0.9998760914,-0.0001239086317,1.641670769,0.6617320665,0.9799387027,68.8065335,0,63.9683203,0,0.7565977838,-1.91198947e-19,-0.005911756479,-3.489404819e-17,0.9836401847,0.9999580383,0.3247638643,0.007249299104,1,0
5.199999809,0.9998734479,-0.0001265521021,1.641405085,0.660868834,0.9805362506,68.898476,0,63.96727415,0,0.7559433329,7.757405848e-20,-0.005914252481,-3.610045133e-17,0.9835781853,0.9999580383,0.3247721791,0.007285250067,1,0
5.299999714,0.9998709502,-0.0001290497586,1.641658669,0.6600545268,0.9816041426,68.99042118,0,63.96625143,0,0.7553305001,3.652431117e-19,-0.005907978796,1.948370651e-16,0.983595572,0.9999580383,0.3247799277,0.007282426294,1,0
5.400000095,0.9998683145,-0.0001316855308,1.641478841,0.6592660281,0.9822128127,69.08236882,0,63.9652384,0,0.7547437389,1.893481304e-19,-0.005907576563,3.230271422e-17,0.9836029328,0.9999580383,0.3247870505,0.007281887917,1,0
5.5,0.9998656458,-0.0001343542117,1.64160773,0.6585163759,0.9830913546,69.1743427,0,63.96424509,0,0.7541902321,-3.923875928e-19,-0.005904218071,-7.291370405e-17,0.9835818834,0.9999580383,0.3247936666,0.007290454072,1,0
5.599999905,0.9998630389,-0.0001369610515,1.641578416,0.6577966092,0.9837818068,69.26636138,0,63.96327932,0,0.7536638395,-1.132048416e-19,-0.005904086683,1.426808646e-16,0.9836297596,0.9999580383,0.3247998059,0.007274992314,1,0
5.699999809,0.9998603267,-0.0001396732963,1.641022749,0.6571028526,0.9839198964,69.35842229,0,63.96233048,0,0.7531616753,-1.452306062e-18,-0.005906777383,9.707331108e-17,0.9836396861,0.9999580383,0.3248054683,0.0072610079,1,0
5.799999714,0.9998576117,-0.000142388264,1.641446338,0.6564417406,0.985004597,69.45053735,0,63.96140401,0,0.7526867521,7.932921473e-19,-0.005908626222,6.296040788e-17,0.9835963114,0.9999580383,0.3248108625,0.007287368794,1,0
5.900000095,0.9998549229,-0.0001450770634,1.641105206,0.6558112452,0.9852939611,69.54271062,0,63.96049971,0,0.7522375997,7.724679206e-19,-0.00591095851,5.424552835e-20,0.9835795053,0.9999580383,0.3248158395,0.007296463791,1,0
6,0.9998522707,-0.0001477292695,1.641019259,0.6552140007,0.985805258,69.63494215,0,63.95961531,0,0.7518149445,5.541225166e-19,-0.005911479975,7.576468835e-17,0.9835790492,0.9999580383,0.3248204589,0.007298551654,1,0
6.099999905,0.9998496534,-0.0001503466388,1.641576528,0.6546393279,0.9869372003,69.72722832,0,63.95874755,0,0.7514122829,-6.955157154e-19,-0.005915312037,9.320297185e-17,0.9836186043,0.9999580383,0.3248246312,0.007266758224,1,0
6.199999809,0.999846974,-0.0001530259903,1.64102785,0.6540942081,0.9869336422,69.81955734,0,63.95788686,0,0.7510329442,8.901508482e-19,-0.005917962249,-1.401439125e-16,0.9836446461,0.9999580383,0.3248284161,0.007251946394,1,0
6.299999714,0.9998442624,-0.0001557375955,1.641440469,0.6535736715,0.9878667974,69.91192465,0,63.95703204,0,0.7506737194,-1.596266314e-18,-0.005921664319,8.372208727e-17,0.9836373226,0.9999580383,0.3248319328,0.007271337651,1,0
6.399999619,0.9998415762,-0.0001584237761,1.641383065,0.6530777275,0.9883053375,70.00432616,0,63.95618361,0,0.7503341749,-1.193132481e-18,-0.005925725015,-1.071273301e-16,0.9836242366,0.9999580383,0.3248350918,0.00727170286,1,0
6.5,0.9998388833,-0.0001611167101,1.641064563,0.6526066931,0.9884578702,70.09675135,0,63.95533672,0,0.750014051,-1.199814008e-18,-0.005930311476,6.366690688e-17,0.9836485979,0.9999580383,0.324837923,0.007253403742,1,0
6.599999905,0.9998361594,-0.0001638406023,1.641113307,0.6521627182,0.9889505888,70.18918994,0,63.95448689,0,0.7497141662,4.54511705e-19,-0.00593287548,1.339695886e-17,0.9836179115,0.9999580383,0.3248405159,0.007279740079,1,0
6.699999809,0.9998335058,-0.000166494211,1.641095451,0.6517368987,0.9893585518,70.28164055,0,63.953638,0,0.7494292076,9.981288857e-19,-0.00593728482,1.107513636e-16,0.9836129844,0.9999580383,0.3248428404,0.007279726868,1,0
6.799999714,0.9998307125,-0.000169287483,1.641294095,0.6513384278,0.9899556675,70.37408104,0,63.95277419,0,0.7491638529,5.036614975e-19,-0.005939809079,-4.263841365e-17,0.9835736135,0.9999580383,0.3248449564,0.007303982492,1,0
6.899999619,0.9998280571,-0.0001719428684,1.641199186,0.6509606251,0.9902385604,70.46652471,0,63.95191146,0,0.7489140844,-1.281102321e-18,-0.005942265019,-1.656341314e-16,0.9836331944,0.9999580383,0.3248468041,0.007263375702,1,0
7,0.9998253553,-0.0001746446695,1.641192002,0.650607192,0.9905848103,70.55895339,0,63.95103635,0,0.7486815139,1.815809303e-19,-0.005943229983,2.341275809e-16,0.9835951879,0.9999580383,0.3248484433,0.007282130264,1,0
7.099999905,0.9998226638,-0.0001773362422,1.641202315,0.6502707874,0.990931528,70.65136756,0,63.95015206,0,0.7484618688,8.414730833e-19,-0.005945274098,-1.022833973e-16,0.9835978851,0.9999580383,0.3248499334,0.007283835182,1,0
7.199999809,0.9998199439,-0.0001800560667,1.641179697,0.6499528724,0.9912268249,70.74376225,0,63.94925642,0,0.7482556104,1.45564051e-18,-0.005946819526,-1.138706946e-16,0.9835958117,0.9999580383,0.3248511851,0.00728218526,1,0
7.299999714,0.999817222,-0.0001827780072,1.641347005,0.6496548904,0.9916921144,70.83613791,0,63.948352,0,0.7480632059,5.832128755e-19,-0.005947268781,-1.668393009e-16,0.9836375972,0.9999580383,0.3248523772,0.007267083631,1,0
7.399999619,0.9998144425,-0.000185557513,1.641346567,0.6493715033,0.9919750636,70.92849026,0,63.94743633,0,0.7478815452,-8.572729973e-19,-0.005948796757,8.718178377e-17,0.9836634385,0.9999580383,0.3248535097,0.007245603198,1,0
7.5,0.9998117114,-0.0001882886218,1.641283232,0.6491021557,0.992181076,71.02082729,0,63.94651762,0,0.7477101141,-1.78580058e-18,-0.005950418533,7.501701997e-17,0.9835865514,0.9999580383,0.3248544931,0.007278100298,1,0
7.599999905,0.9998089626,-0.000191037419,1.641246288,0.6488499819,0.9923963056,71.11314478,0,63.94559254,0,0.7475502459,-5.072701068e-19,-0.00595147456,-2.113225884e-16,0.983603977,0.9999580383,0.3248552978,0.007277372001,1,0
7.699999809,0.9998061885,-0.0001938114813,1.641318258,0.6486100726,0.9927081857,71.20544341,0,63.9446618,0,0.7473991773,1.816306258e-19,-0.005952907048,1.380383113e-16,0.9836301511,0.9999580383,0.3248560429,0.007270327727,1,0
7.799999714,0.9998033008,-0.0001966991861,1.64123241,0.6483872537,0.9928451565,71.29771802,0,63.94372048,0,0.747259176,-1.075761066e-18,-0.005953385442,7.013791778e-17,0.9836129603,0.9999580383,0.3248566091,0.007278123658,1,0
7.899999619,0.9998005529,-0.0001994470659,1.641223026,0.6481751901,0.993047836,71.38998883,0,63.94278548,0,0.7471267761,1.582984563e-18,-0.005954377489,4.165749215e-17,0.983622901,0.9999580383,0.3248571754,0.007300033007,1,0
8,0.9997977396,-0.000202260436,1.641303198,0.6479750695,0.9933281281,71.4822431,0,63.94184448,0,0.747002321,-8.40751637e-19,-0.005955355437,-4.66302085e-18,0.9836408334,0.9999580383,0.3248576224,0.007267319848,1,0
8.099999428,0.9997950396,-0.0002049603737,1.641220874,0.647785965,0.9934349095,71.57449576,0,63.94090984,0,0.7468852079,8.452491302e-19,-0.005956444228,6.25028721e-17,0.9836397402,0.9999580383,0.3248579502,0.007254535906,1,0
8.199999809,0.999792215,-0.0002077849638,1.641229452,0.6476086098,0.9936208425,71.66673244,0,63.93996742,0,0.7467755981,2.822315039e-19,-0.005957281295,1.175401108e-16,0.9835916735,0.9999580383,0.324858278,0.007278643604,1,0
8.300000191,0.9997894899,-0.0002105101043,1.641223269,0.6474389412,0.9937843275,71.75897086,0,63.93903244,0,0.7466712028,1.557426498e-19,-0.005958577796,-3.426835623e-17,0.9836155932,0.9999580383,0.3248585761,0.007293332304,1,0
8.399999619,0.9997866869,-0.0002133130534,1.641262265,0.6472786239,0.9939836414,71.85120056,0,63.93809444,0,0.7465727583,7.309475177e-19,-0.005959802007,-9.777131994e-17,0.9836573238,0.9999580383,0.3248588443,0.007273734626,1,0
8.5,0.9997839175,-0.0002160824952,1.641279036,0.6471254915,0.9941535442,71.94343131,0,63.93716098,0,0.7464790324,-6.270702295e-19,-0.005961276263,-1.966668332e-16,0.9836459513,0.9999580383,0.3248590231,0.007255790742,1,0
8.599999428,0.9997811773,-0.0002188226765,1.641205551,0.6469820772,0.994223474,72.03566395,0,63.93623204,0,0.7463912488,2.270743766e-19,-0.005962487196,-3.542782137e-17,0.9836158661,0.9999580383,0.3248592317,0.007272994951,1,0
8.699999809,0.9997783491,-0.0002216509222,1.641204397,0.6468445733,0.9943598241,72.12789099,0,63.93529963,0,0.746307298,4.688398788e-19,-0.005963994159,-4.74054629e-17,0.9835877098,0.9999580383,0.3248594105,0.007280007568,1,0
8.800000191,0.9997755259,-0.0002244741132,1.641204719,0.6467086421,0.9944960769,72.22011975,0,63.93436933,0,0.7462249004,-5.638659433e-19,-0.005964650938,-7.337839844e-17,0.9835924321,0.9999580383,0.3248595297,0.007290996254,1,0
8.899999619,0.9997727948,-0.000227205175,1.641184806,0.6465852211,0.9945995846,72.31235706,0,63.93344602,0,0.7461496739,1.959371814e-18,-0.005966107749,-1.049293527e-16,0.9836287041,0.9999580383,0.3248596191,0.00727399741,1,0
9,0.9997699853,-0.0002300146583,1.641183359,0.6464655453,0.9947178139,72.40459054,0,63.93251827,0,0.7460769309,2.977915281e-19,-0.005967745897,-2.995065414e-17,0.983597993,0.9999580383,0.3248597383,0.00726974025,1,0
9.099999428,0.9997672268,-0.0002327731741,1.641204445,0.6463518805,0.9948525643,72.49682982,0,63.93159423,0,0.7460078535,-1.663003485e-20,-0.005969362733,7.785511836e-17,0.9835995027,0.9999580383,0.3248598278,0.00728123162,1,0
9.199999809,0.9997644499,-0.0002355501098,1.641179072,0.6462419527,0.9949371195,72.58906992,0,63.9306692,0,0.7459411372,2.65535276e-19,-0.005970978289,-4.360281066e-17,0.9836118223,0.9999580383,0.3248598874,0.007282552245,1,0
9.300000191,0.9997617039,-0.0002382961491,1.641194024,0.6461371151,0.9950569085,72.68131438,0,63.92974675,0,0.7458774693,-1.628076923e-19,-0.005972460366,-1.979971858e-18,0.9836573498,0.9999580383,0.3248599768,0.007260700768,1,0
9.399999619,0.999758895,-0.0002411049744,1.641178717,0.6460366031,0.9951421135,72.77355628,0,63.92882092,0,0.7458164737,-6.181161088e-20,-0.005974087909,-9.083118261e-17,0.9836521007,0.9999580383,0.3248600364,0.007255056433,1,0
9.5,0.9997561275,-0.000243872459,1.641201718,0.6459393583,0.9952623602,72.86580255,0,63.92789826,0,0.7457575015,5.750514887e-19,-0.005975710716,-3.226404498e-17,0.9835925639,0.9999580383,0.3248601258,0.007285608083,1,0
9.599999428,0.9997534055,-0.0002465944939,1.641159698,0.6458461546,0.9953135433,72.95805332,0,63.92697942,0,0.74570096,-6.578320893e-20,-0.00597728448,-1.672634739e-16,0.9836323757,0.9999580383,0.3248602152,0.007264943624,1,0
9.699999809,0.9997506769,-0.0002493231006,1.641198769,0.6457570041,0.995441765,73.05030387,0,63.92606014,0,0.7456468131,8.151883179e-19,-0.005978812379,6.914252776e-17,0.9836197374,0.9999580383,0.3248603046,0.007292308516,1,0
9.800000191,0.9997478575,-0.0002521425398,1.641203526,0.645671861,0.9955316654,73.14254758,0,63.92513487,0,0.7455950477,1.001436936e-18,-0.005980455413,3.547292035e-17,0.9836184654,0.9999580383,0.324860394,0.007274137384,1,0
9.899999619,0.9997450322,-0.0002549678385,1.64119638,0.6455893107,0.9956070697,73.23479037,0,63.92420829,0,0.7455448043,2.835273382e-19,-0.005981913871,-9.121452684e-17,0.9836228249,0.9999580383,0.3248604536,0.007286780997,1,0
10,0.9997422497,-0.0002577502776,1.641179301,0.6455096082,0.9956696925,73.32703547,0,63.92328337,0,0.7454962811,-1.755865182e-18,-0.005983417413,-9.842162066e-17,0.9836268357,0.9999580383,0.3248604238,0.00726270862,1,0
10.09999943,0.999739438,-0.0002605619637,1.641210538,0.6454323385,0.9957781992,73.41927753,0,63.92235532,0,0.7454492163,7.522691733e-20,-0.00598490642,-1.463663936e-16,0.983629543,0.9999580383,0.3248604238,0.007268169297,1,0
10.19999981,0.9997365753,-0.0002634247274,1.641199127,0.6453586945,0.9958404325,73.51151527,0,63.92142318,0,0.7454043241,1.02506884e-18,-0.005986365247,-4.421380094e-17,0.9836289828,0.9999580383,0.3248604238,0.007265424338,1,0
10.30000019,0.9997336984,-0.0002663016137,1.641193177,0.6452884675,0.9959047093,73.60375119,0,63.9204897,0,0.7453614513,-6.698141555e-19,-0.005987893734,3.811166941e-17,0.9836036482,0.9999580383,0.3248604238,0.00730270155,1,0
10.39999962,0.999730927,-0.0002690729936,1.641120129,0.6452191441,0.995900985,73.69599445,0,63.91956296,0,0.7453191616,7.587814807e-19,-0.005989228458,1.574692355e-17,0.9836237618,0.9999580383,0.3248604238,0.007262642518,1,0
10.5,0.9997280885,-0.0002719114949,1.641111871,0.6451544529,0.9959574179,73.78823222,0,63.91863213,0,0.7452797458,3.641032277e-19,-0.005990673964,6.186346704e-17,0.9835985905,0.9999580383,0.3248604238,0.007281856417,1,0
10.59999943,0.9997252715,-0.0002747285183,1.641108104,0.6450918191,0.9960162853,73.88047122,0,63.91770294,0,0.7452415503,1.418834576e-18,-0.005992220945,1.288796823e-17,0.9836102248,0.9999580383,0.3248604238,0.007284005271,1,0
10.69999981,0.9997224306,-0.0002775694122,1.640995404,0.6450305972,0.9959648071,73.97270756,0,63.91677215,0,0.7452041334,5.985590582e-19,-0.005993558672,-1.230046738e-18,0.983589775,0.9999580383,0.3248604238,0.00729081897,1,0
10.80000019,0.9997196225,-0.0002803774729,1.641092366,0.6449741599,0.9961182065,74.06494527,0,63.91584325,0,0.7451698077,9.997186198e-19,-0.005995004357,-7.320328188e-17,0.9836079847,0.9999580383,0.3248604238,0.007270504944,1,0
10.89999962,0.9997168718,-0.0002831282026,1.641186578,0.6449157319,0.9962708456,74.15718602,0,63.91491715,0,0.7451340864,-7.902457873e-19,-0.00599601687,6.859534475e-17,0.9836545382,0.9999580383,0.3248604238,0.007267772118,1,0
11,0.9997141072,-0.0002858928212,1.641073962,0.6448620013,0.9962119612,74.24942489,0,63.91398951,0,0.7451012955,-9.055384984e-19,-0.005997396998,1.08505856e-16,0.9836401313,0.9999580383,0.3248604238,0.007254655682,1,0
11.09999943,0.9997113199,-0.0002886800797,1.641214158,0.6448107671,0.9964033907,74.34166101,0,63.91305945,0,0.7450700847,-5.985164697e-19,-0.005998776444,7.264576123e-19,0.9836034057,0.9999580383,0.3248604238,0.007286112045,1,0
11.19999981,0.9997086357,-0.0002913643049,1.641214139,0.6447597474,0.9964543919,74.43390414,0,63.91213555,0,0.7450388512,-3.403425751e-19,-0.005999948077,5.54526741e-17,0.9835973452,0.9999580383,0.3248604238,0.007285718251,1,0
11.30000019,0.9997058244,-0.0002941756082,1.641085955,0.6447118875,0.9963740675,74.52613707,0,63.91120337,0,0.7450095794,8.584278162e-19,-0.00600164655,1.868296571e-16,0.9836343562,0.9999580383,0.3248604238,0.0072898335,1,0
11.39999962,0.9997030315,-0.0002969685065,1.641031345,0.6446648593,0.9963664858,74.61837087,0,63.91027272,0,0.744980736,1.100995086e-19,-0.006002983008,-2.425194965e-16,0.9836486895,0.9999580383,0.3248604238,0.007259901851,1,0
11.5,0.999700258,-0.0002997419721,1.641181757,0.6446204864,0.9965612705,74.71060563,0,63.90934381,0,0.7449535383,-4.960973751e-19,-0.006004445127,-1.089990729e-16,0.9836075945,0.9999580383,0.3248604238,0.007283255515,1,0
11.59999943,0.999697445,-0.0003025550011,1.640926132,0.6445781549,0.9963479767,74.80283689,0,63.9084129,0,0.7449276895,-6.918096247e-19,-0.006005924862,-3.666379139e-17,0.9836083182,0.9999580383,0.3248604238,0.007273091811,1,0
11.69999981,0.9996946173,-0.0003053827297,1.641051188,0.6445394645,0.9965117234,74.89506682,0,63.90748138,0,0.744904201,9.513311426e-19,-0.006007473754,-3.37479199e-18,0.9836013022,0.9999580383,0.3248604238,0.00726637457,1,0
11.80000019,0.999691835,-0.0003081649664,1.641212191,0.6445009423,0.9967112489,74.98729976,0,63.90655257,0,0.7448808064,5.380456943e-19,-0.006008799931,2.101927831e-17,0.9836333323,0.9999580383,0.3248604238,0.007261607399,1,0
11.89999962,0.9996890452,-0.0003109548088,1.640873262,0.6444626369,0.996410625,75.07953184,0,63.90562274,0,0.7448574949,-6.499580743e-19,-0.006010223106,-5.57979041e-18,0.983608372,0.9999580383,0.3248604238,0.00727417238,1,0
12,0.9996861943,-0.0003138056664,1.640956978,0.6444273853,0.9965295926,75.1717586,0,63.90468836,0,0.7448361112,-8.563467134e-19,-0.006011842657,1.859634453e-17,0.9836104373,0.9999580383,0.3248604238,0.007269708083,1,0
12.09999943,0.9996833969,-0.0003166030908,1.640799033,0.6443930802,0.9964059531,75.26398931,0,63.90375658,0,0.7448154832,-4.983588061e-20,-0.006013473466,-5.127049333e-17,0.9836234215,0.9999580383,0.3248604238,0.007299537868,1,0
12.19999981,0.9996805339,-0.0003194660529,1.64125224,0.644361865,0.9968903748,75.35621462,0,63.90281999,0,0.7447968324,-9.382257598e-19,-0.00601511423,3.192918652e-17,0.9836425139,0.9999580383,0.3248604238,0.007275894664,1,0
12.30000019,0.9996776919,-0.0003223080743,1.640990226,0.6443315821,0.9966586434,75.44844141,0,63.90188474,0,0.7447787924,5.08433223e-19,-0.006016651195,-1.179914188e-16,0.983633229,0.9999580383,0.3248604238,0.007256539645,1,0
12.39999962,0.999674826,-0.0003251740227,1.641222506,0.6443262121,0.996896294,75.54066628,0,63.90094815,0,0.7447768533,-1.143295216e-19,-0.006018237936,6.356910432e-17,0.9836044805,0.9999580383,0.3248604238,0.007278627678,1,0
12.5,0.9996719356,-0.0003280644258,1.640739213,0.6442995803,0.9964396326,75.63288894,0,63.90001063,0,0.7447609692,-3.640355516e-20,-0.006020155343,-5.107712402e-17,0.9836198868,0.9999580383,0.3248604238,0.007268802903,1,0
12.59999943,0.9996691155,-0.0003308844809,1.641177461,0.6442739345,0.996903527,75.72511663,0,63.89907786,0,0.7447457532,8.216685499e-19,-0.006021940067,6.768803606e-17,0.9836296994,0.9999580383,0.3248604238,0.007276663477,1,0
12.69999981,0.999666284,-0.0003337159604,1.640878578,0.6442465166,0.9966320616,75.81734278,0,63.89814456,0,0.744729317,6.103133052e-19,-0.006022999694,2.485556844e-17,0.9836287382,0.9999580383,0.3248604238,0.007258148821,1,0
12.79999924,0.9996634765,-0.0003365234896,1.641234887,0.644224246,0.9970106406,75.90957016,0,63.89721252,0,0.7447165535,3.277274764e-20,-0.006025066078,4.935249878e-17,0.9836235181,0.9999580383,0.3248604238,0.007269795119,1,0
12.89999962,0.999660594,-0.0003394059913,1.641258588,0.6442258234,0.9970327651,76.00179069,0,63.89627505,0,0.7447189301,8.325542088e-20,-0.006026507406,-1.509212517e-17,0.9836379974,0.9999580383,0.3248604238,0.007269763212,1,0
13,0.9996578147,-0.0003421852868,1.640857446,0.6442042311,0.9966532145,76.09401806,0,63.89534327,0,0.7447061727,9.462264317e-19,-0.006028172025,2.396835699e-17,0.983610902,0.9999580383,0.3248604238,0.007298689683,1,0
13.09999943,0.9996549615,-0.0003450384509,1.641314993,0.6441811027,0.99713389,76.18623938,0,63.8944059,0,0.7446924695,-3.401177203e-19,-0.006029225205,-1.089673076e-16,0.9836512663,0.9999580383,0.3248604238,0.007265502664,1,0
13.19999981,0.9996521217,-0.0003478783361,1.64118416,0.6441596386,0.9970245211,76.27846129,0,63.8934692,0,0.7446801263,2.711239877e-20,-0.006030922897,-3.261600474e-17,0.9836327439,0.9999580383,0.3248604238,0.00725400649,1,0
13.29999924,0.9996492769,-0.0003507230864,1.641070285,0.644141492,0.9969287928,76.37068306,0,63.89253182,0,0.7446700968,5.74559815e-20,-0.006033349647,-6.300536378e-17,0.9836069976,0.9999580383,0.3248604238,0.007287271047,1,0
13.39999962,0.9996464127,-0.0003535872548,1.640790292,0.6441243073,0.996665985,76.46290338,0,63.89159352,0,0.744660839,-6.884321316e-19,-0.006035968793,1.532860755e-16,0.9836108533,0.9999580383,0.3248604238,0.007286545038,1,0
13.5,0.9996436647,-0.000356335301,1.641175346,0.6441068705,0.9970684757,76.55513296,0,63.89066313,0,0.7446515241,-5.142527439e-19,-0.006038405477,-1.48893293e-16,0.983627054,0.9999580383,0.3248604238,0.007275411583,1,0
13.59999943,0.9996408582,-0.0003591418263,1.640974397,0.6440928272,0.9968815697,76.64735827,0,63.88972919,0,0.7446451016,-2.768597591e-19,-0.006041940231,-1.174548295e-17,0.9836158487,0.9999580383,0.3248604238,0.007276481782,1,0
13.69999981,0.999638034,-0.0003619660193,1.640870448,0.6440761461,0.996794302,76.73958224,0,63.8887943,0,0.7446362226,-1.56238659e-18,-0.006044318566,3.432041438e-17,0.9836332889,0.9999580383,0.3248604238,0.007248096599,1,0
13.79999924,0.9996352325,-0.0003647675365,1.641249714,0.6440628184,0.9971868952,76.83180774,0,63.88786031,0,0.7446300916,9.592454096e-19,-0.00604818529,2.596169849e-17,0.9835582364,0.9999580383,0.3248604238,0.007297737992,1,0
13.89999962,0.9996324923,-0.0003675077311,1.640157826,0.6440465541,0.9961112723,76.92403757,0,63.88692944,0,0.7446216739,4.128508117e-19,-0.006050690015,4.496920437e-17,0.9836505201,0.9999580383,0.3248604238,0.007258261214,1,0
14,0.9996297117,-0.0003702882699,1.640694319,0.6440314331,0.996662886,77.01626366,0,63.8859948,0,0.744614132,6.193683455e-19,-0.006053087301,1.655776153e-16,0.9836106876,0.9999580383,0.3248604238,0.007289991057,1,0
14.09999943,0.9996269277,-0.0003730722901,1.640899906,0.6440162129,0.9968836935,77.10848897,0,63.8850591,0,0.7446065545,1.225905142e-19,-0.006055448484,2.446693832e-17,0.9836228628,0.9999580383,0.3248604238,0.007269611118,1,0
14.19999981,0.9996241086,-0.0003758914024,1.640804106,0.6439956009,0.9968085048,77.20071092,0,63.88412045,0,0.7445945339,-7.128923599e-19,-0.006056382306,9.722193596e-17,0.9836072636,0.9999580383,0.3248604238,0.007267425209,1,0
14.29999924,0.9996212678,-0.0003787322473,1.640791558,0.6439803795,0.9968111787,77.29293095,0,63.8831799,0,0.7445870646,6.345782955e-19,-0.006058643257,1.73873058e-17,0.9836001337,0.9999580383,0.3248604238,0.007278763443,1,0
14.39999962,0.9996185428,-0.0003814572458,1.641133667,0.6439652868,0.9971683798,77.38516002,0,63.88224691,0,0.7445794127,-3.785776638e-19,-0.006061070878,-2.295843728e-16,0.9836037799,0.9999580383,0.3248604238,0.00728709211,1,0
14.5,0.9996157517,-0.0003842483272,1.64098117,0.6439500111,0.9970311591,77.47738399,0,63.88130982,0,0.7445721675,4.018307824e-19,-0.006063421379,3.64466255e-17,0.9836272669,0.9999580383,0.3248604238,0.007285240563,1,0
14.59999943,0.9996129676,-0.0003870324459,1.640666576,0.6439340445,0.9967325312,77.5696085,0,63.88037357,0,0.7445637808,1.673078676e-18,-0.00606540172,6.262897678e-17,0.983640464,0.9999580383,0.3248604238,0.007257647333,1,0
14.69999981,0.9996101384,-0.0003898616139,1.641123878,0.6439190893,0.9972047883,77.66182961,0,63.87943435,0,0.7445561949,-3.487820664e-19,-0.006068060595,-3.018012931e-17,0.9836149411,0.9999580383,0.3248604238,0.007259052727,1,0
14.79999924,0.9996074572,-0.0003925428011,1.640952991,0.6439035653,0.9970494256,77.75406198,0,63.87850388,0,0.7445481454,2.452650842e-19,-0.006070441706,1.220319743e-16,0.9836012589,0.9999580383,0.3248604238,0.007274503996,1,0
14.89999962,0.9996047227,-0.0003952772921,1.640543144,0.6438876071,0.996655537,77.84628998,0,63.87756928,0,0.7445396101,-6.742485383e-19,-0.006072807913,-1.311337444e-17,0.9836173531,0.9999580383,0.3248604238,0.007278256759,1,0
15,0.9996020038,-0.0003979962109,1.640897384,0.6438727238,0.9970246605,77.93851866,0,63.87663453,0,0.7445325857,1.850148575e-19,-0.006075880892,-8.59860585e-17,0.9836020078,0.9999580383,0.3248604238,0.00727550131,1,0
15.09999943,0.9995991595,-0.0004008404725,1.64152527,0.6438573887,0.997667881,78.03073729,0,63.87569114,0,0.7445255602,-6.172331823e-19,-0.006079764393,-4.017949054e-17,0.9836432821,0.9999580383,0.3248604238,0.007264353796,1,0
15.19999981,0.9995963698,-0.000403630188,1.640674498,0.6438432598,0.9968312383,78.12296019,0,63.87475058,0,0.7445184904,-7.415179757e-19,-0.006083893885,-8.729937332e-18,0.983593717,0.9999580383,0.3248604238,0.007281513451,1,0
15.29999924,0.9995935547,-0.0004064452679,1.641104271,0.6438268048,0.9972774665,78.21518097,0,63.87380823,0,0.7445090423,-3.18604436e-19,-0.006085850385,1.213274749e-17,0.9836319432,0.9999580383,0.3248604238,0.007271990787,1,0
15.39999962,0.9995908032,-0.0004091967987,1.640885802,0.6438109498,0.9970748526,78.30740647,0,63.87287019,0,0.7445002312,2.020916433e-18,-0.00608879477,-5.200971131e-17,0.9836194242,0.9999580383,0.3248604238,0.007255505629,1,0
15.5,0.9995880038,-0.0004119961667,1.640884655,0.6437954571,0.9970891976,78.39962819,0,63.87192968,0,0.744491835,-3.424564248e-20,-0.006092540589,3.306715059e-17,0.983603844,0.9999580383,0.3248604238,0.007282198742,1,0
15.59999943,0.9995853281,-0.0004146718562,1.640623349,0.6437790505,0.9968442985,78.49185943,0,63.8709974,0,0.7444821678,2.578874371e-19,-0.006094780975,5.452767439e-17,0.983619979,0.9999580383,0.3248604238,0.007277363705,1,0
15.69999981,0.9995825834,-0.0004174165921,1.641036994,0.6437621697,0.9972748242,78.58408466,0,63.87006087,0,0.7444721966,-5.566941678e-20,-0.006097080671,-6.672535086e-17,0.9836379091,0.9999580383,0.3248604238,0.007258507215,1,0
15.79999924,0.9995798478,-0.0004201521717,1.640436498,0.6437453618,0.9966911366,78.67630998,0,63.86912456,0,0.7444634713,1.410079167e-19,-0.006101186843,-8.302400842e-17,0.9836324517,0.9999580383,0.3248604238,0.007272493646,1,0
15.89999962,0.9995770099,-0.0004229900859,1.6405961,0.6437279391,0.9968681608,78.76852607,0,63.86818113,0,0.7444533149,-4.788943737e-19,-0.006104129546,-3.927011383e-17,0.9836110311,0.9999580383,0.3248604238,0.007281353728,1,0
16,0.999574194,-0.0004258059551,1.640609379,0.6437096227,0.9968997561,78.86074313,0,63.8672385,0,0.7444430953,-7.292711627e-19,-0.006107479396,-9.702752965e-17,0.9836382679,0.9999580383,0.3248604238,0.007251980632,1,0
16.10000038,0.9995715278,-0.0004284721561,1.641127781,0.6436894588,0.9974383225,78.95297125,0,63.86630451,0,0.7444320675,3.176247343e-19,-0.006110705368,-1.324744974e-16,0.983654418,0.9999580383,0.3248604238,0.007278849792,1,0
16.19999886,0.999568737,-0.0004312629764,1.641605535,0.6436673277,0.997938207,79.04518893,0,63.86536235,0,0.7444200735,3.251992077e-20,-0.006114383732,-1.418322518e-16,0.9836317053,0.9999580383,0.3248604238,0.007270707544,1,0
16.29999924,0.9995661028,-0.0004338972454,1.640801382,0.6436445514,0.9971568305,79.13741902,0,63.8644298,0,0.7444071859,7.891815508e-19,-0.006117773338,8.568132618e-17,0.9836196952,0.9999580383,0.3248604238,0.007258041704,1,0
16.39999962,0.999563326,-0.0004366740267,1.64041221,0.6436226024,0.9967896073,79.22963795,0,63.86348822,0,0.7443938037,-6.025570919e-19,-0.0061205982,-1.214480273e-16,0.9836042018,0.9999580383,0.3248604238,0.007276864973,1,0
16.5,0.9995605695,-0.0004394304528,1.641074492,0.6436012579,0.9974732339,79.32185841,0,63.86254828,0,0.7443806127,-4.525993039e-20,-0.006122619922,-1.091740429e-16,0.9836295305,0.9999580383,0.3248604238,0.007292074289,1,0
16.60000038,0.9995578624,-0.0004421375975,1.641202009,0.6435791458,0.9976228628,79.41408281,0,63.86161182,0,0.7443666562,-1.707227017e-19,-0.006124606713,1.571838153e-16,0.983628207,0.9999580383,0.3248604238,0.007270789319,1,0
16.69999886,0.9995551124,-0.0004448876409,1.641107443,0.6435536121,0.9975538312,79.50630362,0,63.86067256,0,0.7443508254,1.10860992e-18,-0.006128331554,-4.830131566e-17,0.9836060132,0.9999580383,0.3248604238,0.007268991564,1,0
16.79999924,0.9995523571,-0.000447642862,1.640569352,0.6435282472,0.9970411048,79.59852327,0,63.85973252,0,0.7443337234,-5.050432656e-20,-0.006129995485,-5.326141788e-17,0.9836009329,0.9999580383,0.3248604238,0.007271580036,1,0
16.89999962,0.9995495479,-0.0004504520531,1.641079822,0.6435017143,0.997578108,79.69073751,0,63.85878852,0,0.7443158287,-1.255808623e-18,-0.006132051619,-2.504187892e-17,0.9836541429,0.9999580383,0.3248604238,0.007275317697,1,0
17,0.9995468197,-0.0004531803431,1.640430284,0.643475809,0.9969544746,79.78295743,0,63.85784857,0,0.7442974982,-7.938600326e-20,-0.006133295406,7.341909599e-17,0.9836187353,0.9999580383,0.3248604238,0.007284192624,1,0
17.10000038,0.999543965,-0.0004560350269,1.640585449,0.6434493771,0.9971360723,79.87516632,0,63.85689978,0,0.744278383,-6.176218813e-19,-0.006134397097,1.683758395e-16,0.9835904532,0.9999580383,0.3248604238,0.007287012965,1,0
17.19999886,0.9995412887,-0.0004587112798,1.640967446,0.6434219317,0.9975455145,79.96738887,0,63.85596177,0,0.7442586377,6.347050924e-19,-0.006136360421,1.005090366e-16,0.9835786842,0.9999580383,0.3248604238,0.007300440846,1,0
17.29999924,0.9995385025,-0.000461497548,1.64072174,0.6433947921,0.9973269481,80.05960176,0,63.85501685,0,0.7442385139,-7.721556535e-20,-0.006137777189,1.197163899e-16,0.9836297812,0.9999580383,0.3248604238,0.0072670269,1,0
17.39999962,0.9995357642,-0.0004642358402,1.640533268,0.6433656811,0.9971675868,80.15181827,0,63.85407497,0,0.7442168573,-2.404779998e-19,-0.006139551074,-4.330780622e-17,0.9836227171,0.9999580383,0.3248604238,0.007269054569,1,0
17.5,0.9995329629,-0.0004670371485,1.640451814,0.6433358565,0.9971159574,80.24402936,0,63.85312913,0,0.7441944915,-3.657741547e-19,-0.006141344691,-3.110076467e-17,0.9835825793,0.9999580383,0.3248604238,0.007296936432,1,0
17.60000038,0.9995301524,-0.0004698476189,1.640938315,0.6433053548,0.9976329603,80.3362394,0,63.85218273,0,0.7441714207,6.266952448e-19,-0.006143738261,-5.300352611e-19,0.9836062877,0.9999580383,0.3248604238,0.007279808429,1,0
17.69999886,0.9995273791,-0.0004726208914,1.640882843,0.6432763005,0.9976065423,80.42845189,0,63.85123873,0,0.7441493136,2.992212129e-20,-0.006145038335,6.463143713e-17,0.9836257933,0.9999580383,0.3248604238,0.007274987078,1,0
17.79999924,0.9995245863,-0.0004754136605,1.640632651,0.6432446018,0.9973880495,80.5206624,0,63.85029264,0,0.7441256142,2.738195302e-19,-0.006146563119,2.602015523e-16,0.9836332235,0.9999580383,0.3248604238,0.007270044831,1,0
17.89999962,0.9995217527,-0.0004782473206,1.640946818,0.6432133726,0.9977334457,80.61286903,0,63.84934348,0,0.7441022114,-1.295196204e-19,-0.006148668349,-5.86186107e-17,0.9835998161,0.9999580383,0.3248604238,0.007280247419,1,0
18,0.9995189482,-0.0004810518385,1.640655924,0.6431837347,0.9974721898,80.70507742,0,63.84839536,0,0.7440802008,5.761650366e-19,-0.006150010681,4.859635788e-17,0.9836079388,0.9999580383,0.3248604238,0.007285757228,1,0
18.10000038,0.9995160884,-0.0004839115591,1.640881324,0.6431520951,0.9977292289,80.797281,0,63.84744269,0,0.7440574621,3.341808128e-19,-0.006151478041,9.511248959e-17,0.9835692147,0.9999580383,0.3248604238,0.007299485228,1,0
18.19999886,0.9995131583,-0.0004868416772,1.640529412,0.643123545,0.9974058666,80.88947827,0,63.84648506,0,0.7440369207,1.066009738e-18,-0.006152386875,-1.27726063e-16,0.9836466211,0.9999580383,0.3248604238,0.007247980506,1,0
18.29999924,0.9995104227,-0.0004895772609,1.640924498,0.6430935855,0.9978309128,80.98169144,0,63.84553996,0,0.744016265,-8.901099666e-19,-0.006153836031,-1.009911479e-16,0.9835982263,0.9999580383,0.3248604238,0.007280154109,1,0
18.39999962,0.9995076602,-0.0004923398192,1.640661176,0.6430623784,0.9975987974,81.07390187,0,63.84459347,0,0.7439951324,-7.520038919e-19,-0.006154923801,-1.162998335e-16,0.9835866182,0.9999580383,0.3248604238,0.007289773353,1,0
18.5,0.9995047528,-0.0004952471682,1.640723943,0.643026877,0.9976970658,81.16610004,0,63.84363833,0,0.7439718916,6.019771304e-19,-0.006156796892,-7.085769731e-17,0.9835768564,0.9999580383,0.3248604238,0.007307899794,1,0
18.60000038,0.9995018591,-0.0004981409481,1.640804326,0.6429948002,0.9978095258,81.25829888,0,63.84268434,0,0.7439509061,7.762221735e-19,-0.006157804673,1.223752818e-16,0.9836195428,0.9999580383,0.3248604238,0.007261433071,1,0
18.69999886,0.9994989629,-0.0005010371387,1.640939492,0.6429611979,0.9979782944,81.35049646,0,63.84173024,0,0.7439294306,4.755568613e-19,-0.006159235918,-7.60220027e-17,0.9836366373,0.9999580383,0.3248604238,0.007269343124,1,0
18.79999924,0.9994961226,-0.0005038774362,1.640942351,0.6429279015,0.9980144497,81.44269761,0,63.84077957,0,0.7439083784,-6.433931844e-19,-0.006160467134,1.088428181e-16,0.9836008805,0.9999580383,0.3248604238,0.007280988901,1,0
18.89999962,0.9994932791,-0.0005067208704,1.640888804,0.6428939714,0.9979948328,81.53489768,0,63.8398281,0,0.7438871835,5.481566752e-19,-0.006161620755,1.795120969e-16,0.9835874008,0.9999580383,0.3248604238,0.007303336674,1,0
19,0.9994904378,-0.0005095621554,1.641013588,0.6428631681,0.9981504202,81.62709676,0,63.83887619,0,0.743867802,-2.878676997e-19,-0.006161989904,-4.068584656e-17,0.983636681,0.9999580383,0.3248604238,0.007256238561,1,0
19.10000038,0.9994876158,-0.0005123842159,1.64058527,0.6428327646,0.9977525058,81.71929661,0,63.83792491,0,0.7438487344,1.353435241e-19,-0.006161997428,1.085771802e-16,0.9835960185,0.9999580383,0.3248604238,0.007268428537,1,0
19.19999886,0.9994846888,-0.000515311202,1.640760029,0.6427974458,0.9979625832,81.81148718,0,63.83696647,0,0.7438271019,9.264185757e-19,-0.006162494019,-8.5925387e-17,0.9835926054,0.9999580383,0.3248604238,0.007284598502,1,0
19.29999924,0.9994818273,-0.0005181726612,1.640840477,0.6427659579,0.9980745188,81.9036827,0,63.83601259,0,0.7438075983,-1.13188991e-19,-0.006162412846,-1.080834635e-16,0.9836162442,0.9999580383,0.3248604238,0.007277935461,1,0
19.39999962,0.9994789243,-0.0005210756565,1.640805596,0.6427334221,0.998072174,81.99587409,0,63.83505612,0,0.7437874412,-1.514844032e-19,-0.006162636669,-9.366082185e-17,0.9836450176,0.9999580383,0.3248604238,0.007270797306,1,0
19.5,0.9994760132,-0.0005239868077,1.640788061,0.6427023247,0.9980857366,82.08806475,0,63.83409956,0,0.7437681302,-1.434997063e-19,-0.006162258262,-7.79110607e-17,0.9835884022,0.9999580383,0.3248604238,0.007280018627,1,0
19.60000038,0.9994731654,-0.0005268345622,1.640793038,0.6426694723,0.9981235657,82.1802602,0,63.83314754,0,0.7437478791,3.825747815e-19,-0.006161916797,3.613447869e-17,0.9835718268,0.9999580383,0.3248604238,0.007298851828,1,0
19.69999886,0.9994701855,-0.0005298144605,1.640777005,0.6426365122,0.9981404932,82.27244413,0,63.83218713,0,0.7437274361,-1.567040033e-19,-0.006161457583,-8.047036775e-17,0.9836173795,0.9999580383,0.3248604238,0.007272471093,1,0
19.79999924,0.9994671776,-0.0005328223569,1.64065243,0.6426048681,0.9980475618,82.36462462,0,63.8312251,0,0.7437077339,7.48666826e-20,-0.006161156912,4.17404816e-17,0.9835950477,0.9999580383,0.3248604238,0.007287687668,1,0
19.89999962,0.9994642286,-0.0005357713656,1.640567606,0.6425737454,0.9979938608,82.4568093,0,63.83026616,0,0.7436883832,-3.263633283e-19,-0.00616045313,1.301369884e-16,0.9835683702,0.9999580383,0.3248604238,0.007295019648,1,0
20,0.9994613603,-0.0005386397111,1.640756471,0.6425423975,0.9982140738,82.54899981,0,63.82931166,0,0.7436689273,-2.735732247e-19,-0.006159950404,-2.418164365e-17,0.9836110657,0.9999580383,0.3248604238,0.007282340117,1,0
20.10000038,0.9994583639,-0.0005416360739,1.640616664,0.6425138038,0.9981028604,82.64117889,0,63.82834856,0,0.7436510772,2.855306059e-19,-0.006159315629,-9.438272788e-17,0.9836301563,0.9999580383,0.3248604238,0.007258762517,1,0
20.19999886,0.9994553518,-0.0005446481859,1.640753223,0.6424842005,0.9982690227,82.73335594,0,63.82738422,0,0.7436326552,2.543396465e-19,-0.006158721881,1.753903482e-16,0.9836245484,0.9999580383,0.3248604238,0.007272258909,1,0
20.29999924,0.9994524439,-0.0005475560966,1.640624963,0.6424529028,0.99817206,82.82554124,0,63.82642665,0,0.7436132776,3.205576291e-19,-0.006158257449,-9.534484308e-17,0.9836226757,0.9999580383,0.3248604238,0.007271712067,1,0
20.39999962,0.9994495071,-0.0005504928502,1.640773519,0.642424688,0.9983488311,82.9177235,0,63.82546743,0,0.743595781,-4.838884639e-19,-0.006157506873,1.472980665e-17,0.9836000645,0.9999580383,0.3248604238,0.007296412384,1,0
20.5,0.9994465366,-0.0005534633775,1.640668849,0.6423965184,0.9982723308,83.00990271,0,63.82450642,0,0.7435782934,1.254647455e-19,-0.00615694531,-5.03213184e-17,0.9836466349,0.9999580383,0.3248604238,0.007252878021,1,0
20.60000038,0.9994436056,-0.0005563944343,1.640558335,0.6423674656,0.9981908696,83.10208497,0,63.8235485,0,0.7435603826,-6.44428821e-20,-0.006156465918,-5.574748146e-17,0.983659554,0.9999580383,0.3248604238,0.007267350673,1,0
20.69999886,0.9994406061,-0.0005593939362,1.64072058,0.6423385793,0.9983820003,83.19426089,0,63.82258631,0,0.7435425007,9.100498928e-21,-0.006155911859,-1.434004562e-17,0.9836544941,0.9999580383,0.3248604238,0.007273688132,1,0
20.79999924,0.9994375911,-0.0005624088714,1.640690615,0.6423116099,0.9983790055,83.28643514,0,63.82162281,0,0.7435258105,-6.229491054e-20,-0.006155429768,-4.988439831e-18,0.9836207759,0.9999580383,0.3248604238,0.007271004822,1,0
20.89999962,0.9994346586,-0.000565341373,1.640684045,0.6422848641,0.9983991809,83.37861568,0,63.82066407,0,0.743509315,-5.284970994e-19,-0.006155077944,1.155680788e-16,0.9835785086,0.9999580383,0.3248604238,0.007291445535,1,0
21,0.9994316321,-0.0005683679411,1.640665248,0.6422587589,0.9984064894,83.47078783,0,63.81969864,0,0.7434931897,4.043688063e-19,-0.00615479403,-3.134995214e-17,0.9836591619,0.9999580383,0.3248604238,0.007256851732,1,0
21.10000038,0.9994286586,-0.0005713414268,1.640678062,0.6422350039,0.9984430579,83.56296396,0,63.81873597,0,0.7434785748,6.833955064e-20,-0.006154573775,-8.599064403e-17,0.9836438777,0.9999580383,0.3248604238,0.007280748955,1,0
21.19999886,0.999425682,-0.000574318032,1.640636854,0.6422089292,0.9984279246,83.6551394,0,63.81777282,0,0.7434625566,-1.29702168e-19,-0.006154492612,2.939799573e-17,0.9836506338,0.9999580383,0.3248604238,0.007263120922,1,0
21.29999924,0.9994226285,-0.0005773715306,1.64061008,0.642183453,0.9984266273,83.74730799,0,63.81680504,0,0.7434469361,-7.274358591e-19,-0.006154532455,-6.923940186e-18,0.9836265505,0.9999580383,0.3248604238,0.007281269755,1,0
21.39999962,0.9994196762,-0.0005803238229,1.64061023,0.6421610571,0.9984491733,83.83948502,0,63.81584422,0,0.7434332691,3.380038223e-19,-0.006154347129,3.260546925e-17,0.983626554,0.9999580383,0.3248604238,0.007259514315,1,0
21.5,0.9994166283,-0.0005833716783,1.640528061,0.6421395396,0.9983885215,83.93165331,0,63.81487779,0,0.7434201806,-1.51235215e-19,-0.006154169487,-2.476859829e-17,0.9836028039,0.9999580383,0.3248604238,0.007282965544,1,0
21.60000038,0.9994135431,-0.0005864569077,1.640611039,0.6421186232,0.9984924162,84.02381834,0,63.81390946,0,0.7434075634,-4.824697772e-19,-0.006154003438,-1.683790772e-17,0.9835830578,0.9999580383,0.3248604238,0.00728490003,1,0
21.69999886,0.9994104899,-0.0005895100907,1.640622607,0.6420989485,0.9985236587,84.11598526,0,63.81294342,0,0.7433958092,3.655654778e-19,-0.006153701507,-9.289469279e-17,0.983588744,0.9999580383,0.3248604238,0.007286832594,1,0
21.79999924,0.9994075374,-0.0005924625905,1.640601578,0.6420796134,0.9985219649,84.20816008,0,63.81198346,0,0.7433844159,4.474509366e-20,-0.006153413021,2.347844658e-17,0.9836646708,0.9999580383,0.3248604238,0.007257772642,1,0
21.89999962,0.999404595,-0.0005954050155,1.640545632,0.6420606264,0.9984850053,84.30033486,0,63.81102393,0,0.7433733164,1.769653917e-19,-0.006153098287,-5.342241327e-18,0.9836557652,0.9999580383,0.3248604238,0.007247577728,1,0
22,0.9994015259,-0.000598474061,1.640597888,0.6420427171,0.9985551713,84.3924979,0,63.81005536,0,0.7433629412,5.649929155e-19,-0.006152753509,-2.216554587e-17,0.9836173864,0.9999580383,0.3248604238,0.007278014746,1,0
22.10000038,0.9993985188,-0.0006014812205,1.640587116,0.6420262751,0.9985608405,84.48466529,0,63.8090905,0,0.743353571,-1.998779199e-19,-0.006152296745,-1.74197818e-17,0.9835990784,0.9999580383,0.3248604238,0.007283250513,1,0
22.19999886,0.9993955672,-0.0006044328325,1.640571179,0.6420107868,0.9985603918,84.57683664,0,63.80812903,0,0.7433449539,6.350013014e-19,-0.006151740937,-1.867943095e-17,0.9836001275,0.9999580383,0.3248604238,0.007286173576,1,0
22.29999924,0.9993925915,-0.0006074085307,1.640612379,0.6419957316,0.998616647,84.66900536,0,63.80716613,0,0.7433365569,4.647629568e-19,-0.006151093532,5.127799459e-17,0.9836265106,0.9999580383,0.3248604238,0.007268496151,1,0
22.39999962,0.9993895639,-0.0006104361065,1.640569792,0.6419811993,0.9985885929,84.76116918,0,63.8062002,0,0.7433285134,-1.570563814e-19,-0.006150356894,2.284994835e-17,0.9836491801,0.9999580383,0.3248604238,0.007257451119,1,0
22.5,0.9993865602,-0.0006134398351,1.640586973,0.6419678927,0.9986190799,84.85333461,0,63.80523647,0,0.7433211518,3.325830872e-20,-0.006149635892,-3.89165654e-18,0.9835964166,0.9999580383,0.3248604238,0.007259805599,1,0
22.60000038,0.9993835055,-0.0006164944871,1.640561202,0.6419552386,0.9986059637,84.94549495,0,63.80427002,0,0.7433141046,-7.131311219e-19,-0.00614894989,1.300428892e-17,0.983593438,0.9999580383,0.3248604238,0.007284565922,1,0
22.69999886,0.9993804299,-0.0006195701275,1.640539203,0.6419441663,0.9985950366,85.03765288,0,63.80330201,0,0.7433077713,6.886817818e-19,-0.006148374845,-9.767539412e-17,0.9836102798,0.9999580383,0.3248604238,0.007278146986,1,0
22.79999924,0.9993774355,-0.0006225645486,1.640554452,0.6419335763,0.998620876,85.12981685,0,63.80233933,0,0.7433015381,-2.360140433e-19,-0.006147971024,3.467311187e-17,0.9836581494,0.9999580383,0.3248604238,0.007269833257,1,0
22.89999962,0.999374456,-0.0006255439734,1.6405612,0.6419236427,0.9986375574,85.22198149,0,63.80137741,0,0.7432954541,1.516820169e-19,-0.006147554126,6.411924181e-17,0.9836160918,0.9999580383,0.3248604238,0.007266785778,1,0
23,0.9993714342,-0.0006285657831,1.640554299,0.6419148586,0.9986394406,85.31414142,0,63.80041195,0,0.7432897528,1.952743762e-19,-0.006147325868,2.843036652e-17,0.9835952488,0.9999580383,0.3248604238,0.007292429266,1,0
23.10000038,0.999368436,-0.0006315640198,1.640543945,0.6419074171,0.9986365274,85.40630235,0,63.79944763,0,0.743284478,3.804345348e-19,-0.006147438702,-9.037892545e-18,0.9836354679,0.9999580383,0.3248604238,0.007274331708,1,0
23.19999886,0.9993654481,-0.0006345519155,1.640541148,0.6419004559,0.9986406921,85.4984636,0,63.79848384,0,0.7432791225,-2.276138424e-19,-0.006147704809,-1.611178585e-16,0.9835977142,0.9999580383,0.3248604238,0.007299368966,1,0
23.29999924,0.999362451,-0.0006375490263,1.640547343,0.6418963629,0.9986509801,85.59062365,0,63.79751977,0,0.7432747557,-2.465725232e-19,-0.006148337449,-6.023541266e-17,0.9836161556,0.9999580383,0.3248604238,0.007263532825,1,0
23.39999962,0.9993595041,-0.0006404958711,1.640542778,0.6418926703,0.9986501079,85.68278758,0,63.79655941,0,0.7432703174,-8.118051449e-19,-0.006149160668,3.220197103e-17,0.9836286834,0.9999580383,0.3248604238,0.007256620257,1,0
23.5,0.99935657,-0.00064343003,1.640535842,0.6418899014,0.9986459405,85.77495228,0,63.79560037,0,0.7432658943,5.068910319e-19,-0.006150171251,-3.345509725e-17,0.9836117626,0.9999580383,0.3248604238,0.007271085668,1,0
23.60000038,0.9993535952,-0.000646404758,1.640525999,0.6418883985,0.9986376004,85.86711309,0,63.79463908,0,0.7432616611,-8.828530739e-19,-0.006151528493,2.234845276e-17,0.9835968911,0.9999580383,0.3248604238,0.007280560431,1,0
23.69999886,0.999350562,-0.0006494379862,1.640510864,0.6418874595,0.998623404,85.95926844,0,63.79367387,0,0.7432574986,2.849098331e-20,-0.006152901087,4.855831681e-17,0.9836267771,0.9999580383,0.3248604238,0.007272593903,1,0
23.79999924,0.999347589,-0.0006524109668,1.640522388,0.6418876881,0.9986346998,86.05142833,0,63.79271237,0,0.7432536143,5.732787465e-19,-0.006154531396,-8.788268281e-17,0.9836348526,0.9999580383,0.3248604238,0.007260501209,1,0
23.89999962,0.9993446097,-0.0006553902808,1.640516103,0.6418887511,0.9986273515,86.14358707,0,63.79175004,0,0.7432498816,2.205073908e-19,-0.006156362691,7.276542359e-17,0.9835885943,0.9999580383,0.3248604238,0.007289442732,1,0
24,0.9993416483,-0.0006583517467,1.640510051,0.641891035,0.9986190159,86.23574684,0,63.79078826,0,0.7432464871,5.657640724e-19,-0.006158348472,2.704958995e-17,0.983616455,0.9999580383,0.3248604238,0.007273991305,1,0
24.10000038,0.999338708,-0.0006612919794,1.640525748,0.6418935619,0.9986321861,86.32790792,0,63.78982736,0,0.743243009,-1.49925443e-18,-0.006160272751,8.346479371e-17,0.9836253027,0.9999580383,0.3248604238,0.007292272647,1,0
24.19999886,0.9993357221,-0.0006642778796,1.640491099,0.6418974661,0.9985936332,86.42006461,0,63.78886345,0,0.7432400725,9.130298247e-19,-0.006162448778,-4.344151641e-17,0.9836271174,0.9999580383,0.3248604238,0.007261992799,1,0
24.29999924,0.9993326914,-0.000667308564,1.640507703,0.6419018472,0.9986058555,86.51221714,0,63.78789686,0,0.7432373677,-4.534205569e-19,-0.006164748838,7.831285841e-17,0.98358898,0.9999580383,0.3248604238,0.007288540024,1,0
24.39999962,0.9993296871,-0.0006703129026,1.640498846,0.6419058498,0.9985929961,86.60437182,0,63.78693228,0,0.7432346447,-5.048913487e-19,-0.006166933879,4.419143257e-17,0.9835638556,0.9999580383,0.3248604238,0.00729440762,1,0
24.5,0.9993267356,-0.0006732644123,1.640497664,0.6419111826,0.9985864813,86.69653111,0,63.78597183,0,0.7432328014,-3.192386735e-19,-0.006168987558,1.372619255e-16,0.9836079956,0.9999580383,0.3248604238,0.007284588425,1,0
24.60000038,0.9993237524,-0.0006762476084,1.640447546,0.6419162505,0.9985312957,86.78868727,0,63.7850097,0,0.7432310683,9.661427444e-19,-0.006171252607,2.972840233e-17,0.9835967022,0.9999580383,0.3248604238,0.007280858392,1,0
24.69999886,0.9993208203,-0.0006791796926,1.640485665,0.6419208987,0.9985647662,86.88084763,0,63.78405082,0,0.743229394,-1.474308808e-18,-0.006173339291,2.072220993e-17,0.9836353095,0.9999580383,0.3248604238,0.007257866613,1,0
24.79999924,0.9993179199,-0.0006820800928,1.640546436,0.6419255851,0.9986208509,86.97301009,0,63.78309393,0,0.7432280058,-2.896078951e-19,-0.00617564346,-8.141273093e-18,0.9836601587,0.9999580383,0.3248604238,0.007265571278,1,0
24.89999962,0.9993149599,-0.0006850401184,1.64049391,0.641929796,0.998564114,87.0651669,0,63.78213279,0,0.7432267637,-3.90917003e-19,-0.006177898849,3.155858659e-17,0.9836196734,0.9999580383,0.3248604238,0.007260072282,1,0
25,0.9993119831,-0.0006880169216,1.640454398,0.6419345111,0.9985198871,87.15732163,0,63.78117008,0,0.7432262272,1.271018402e-19,-0.006180123775,2.084991997e-17,0.9836061327,0.9999580383,0.3248604238,0.007277179446,1,0
25.10000038,0.9993090655,-0.0006909345488,1.640534948,0.6419382643,0.9985966833,87.2494807,0,63.78021071,0,0.7432257304,-4.626824061e-19,-0.00618216576,1.09460205e-16,0.9835823068,0.9999580383,0.3248604238,0.007298222737,1,0
25.19999886,0.9993061633,-0.0006938366622,1.640444801,0.6419414686,0.9985033328,87.34164073,0,63.77925228,0,0.7432254399,1.453476794e-19,-0.006184018186,-1.16819004e-16,0.9836242691,0.9999580383,0.3248604238,0.007268052015,1,0
25.29999924,0.9993033098,-0.0006966902301,1.640503257,0.6419444874,0.9985587698,87.43380477,0,63.77829704,0,0.7432253704,3.195993767e-19,-0.006186169594,1.019870642e-16,0.983639289,0.9999580383,0.3248604238,0.007287938152,1,0
25.39999962,0.9993004833,-0.0006995167163,1.640466643,0.6419475206,0.9985191227,87.52597083,0,63.77734376,0,0.7432257455,-9.386038589e-19,-0.006188039471,7.53251354e-17,0.9836322785,0.9999580383,0.3248604238,0.007255105081,1,0
25.5,0.9992975995,-0.0007024005337,1.640512126,0.641949669,0.9985624575,87.61813118,0,63.7763878,0,0.7432260953,-2.056686099e-19,-0.006189610204,1.407060534e-16,0.9836291403,0.9999580383,0.3248604238,0.00725721615,1,0
25.59999847,0.9992946889,-0.000705311122,1.640521704,0.6419512824,0.9985704218,87.71028892,0,63.77543017,0,0.7432261601,-7.139897733e-19,-0.006191263931,2.446490948e-17,0.983608975,0.9999580383,0.3248604238,0.007283402427,1,0
25.69999886,0.9992917976,-0.0007082024099,1.640456101,0.6419528724,0.9985032289,87.80244768,0,63.77447389,0,0.743226493,-2.253429214e-19,-0.006192776727,1.33537355e-16,0.9836514169,0.9999580383,0.3248604238,0.007266965274,1,0
25.79999924,0.9992889095,-0.0007110904817,1.640451832,0.6419531356,0.9984986966,87.89460593,0,63.77351764,0,0.7432262964,-9.426333126e-20,-0.00619388803,7.005789028e-17,0.983610033,0.9999580383,0.3248604238,0.007274524213,1,0
25.89999962,0.9992860352,-0.000713964849,1.640439999,0.6419538759,0.9984861231,87.98676448,0,63.77256159,0,0.7432264031,6.348256031e-19,-0.006195100671,3.845519287e-17,0.9835733237,0.9999580383,0.3248604238,0.007280538942,1,0
26,0.9992831809,-0.0007168191004,1.640459457,0.641954218,0.998505239,88.07892376,0,63.77160642,0,0.7432264228,-8.442232603e-19,-0.006196081343,1.242951254e-16,0.983580106,0.9999580383,0.3248604238,0.007296462171,1,0
26.09999847,0.9992802894,-0.0007197105544,1.640467192,0.6419539205,0.9985132715,88.17107907,0,63.77064825,0,0.7432260727,2.471747631e-19,-0.006196886683,-1.208762122e-16,0.9836393323,0.9999580383,0.3248604238,0.007282249943,1,0
26.19999886,0.9992774031,-0.0007225969188,1.640552823,0.6419528715,0.9985999515,88.26323413,0,63.76969036,0,0.7432253725,2.591982082e-19,-0.006197290828,2.836935917e-18,0.9836745176,0.9999580383,0.3248604238,0.007261531817,1,0
26.29999924,0.9992745777,-0.0007254223062,1.640454335,0.6419516267,0.9985027083,88.35539417,0,63.76873649,0,0.7432245397,2.108195161e-19,-0.006197551139,-8.947982871e-17,0.9836060362,0.9999580383,0.3248604238,0.007273293544,1,0
26.39999962,0.9992717912,-0.0007282088232,1.640432047,0.6419501927,0.9984818547,88.44755723,0,63.76778537,0,0.7432236335,-7.176431069e-19,-0.006197570063,-9.412075802e-18,0.9835791338,0.9999580383,0.3248604238,0.007292905583,1,0
26.5,0.9992689177,-0.0007310822833,1.64039216,0.6419464554,0.9984457046,88.53971228,0,63.76682914,0,0.7432212102,7.185731552e-19,-0.006197334938,6.292931221e-17,0.9836645946,0.9999580383,0.3248604238,0.007259624161,1,0
26.59999847,0.9992661228,-0.0007338771866,1.640471074,0.641944802,0.9985262715,88.6318738,0,63.76587779,0,0.7432201835,-2.509640581e-19,-0.006196993822,1.313150727e-16,0.9836460346,0.9999580383,0.3248604238,0.007283185362,1,0
26.69999886,0.9992633397,-0.0007366603189,1.640487389,0.6419420158,0.9985453732,88.72403579,0,63.76492744,0,0.7432183277,2.614668269e-19,-0.006196621773,1.007189112e-16,0.9836473626,0.9999580383,0.3248604238,0.007267551919,1,0
26.79999924,0.9992605271,-0.0007394729127,1.640472337,0.6419386883,0.9985336489,88.81619434,0,63.76397505,0,0.7432160831,-4.698178809e-19,-0.006196146187,-8.182172994e-17,0.9836148621,0.9999580383,0.3248604238,0.007256399339,1,0
26.89999962,0.9992577646,-0.0007422354278,1.640511485,0.6419350648,0.99857642,88.90835652,0,63.76302513,0,0.743213633,3.345220745e-19,-0.006195530534,1.205695604e-16,0.9836316726,0.9999580383,0.3248604238,0.007271292098,1,0
27,0.9992550183,-0.0007449817216,1.640371345,0.6419305772,0.9984407682,89.00051946,0,63.762076,0,0.7432107245,-6.409378369e-19,-0.006194756847,-1.064762385e-16,0.983634764,0.9999580383,0.3248604238,0.007276331883,1,0
27.09999847,0.9992523126,-0.0007476873681,1.640522543,0.6419280655,0.9985944772,89.09268542,0,63.76112916,0,0.7432091003,-1.957637546e-19,-0.006194014447,1.540229503e-16,0.983665066,0.9999580383,0.3248604238,0.007260115987,1,0
27.19999886,0.9992495461,-0.000750453931,1.640456487,0.641924944,0.9985315433,89.18484507,0,63.76017819,0,0.7432071386,2.755014461e-19,-0.006193025295,-8.692375697e-18,0.9836009142,0.9999580383,0.3248604238,0.007276274791,1,0
27.29999924,0.9992468395,-0.0007531604544,1.640378407,0.6419211433,0.9984572635,89.27700969,0,63.75923106,0,0.7432047322,-8.794086672e-21,-0.00619187539,-1.833915622e-17,0.983579052,0.9999580383,0.3248604238,0.007288746119,1,0
27.39999962,0.9992441189,-0.0007558811131,1.640363519,0.6419181034,0.9984454155,89.36917275,0,63.75828346,0,0.743202828,2.503487594e-19,-0.006190869322,7.016471966e-17,0.9836385431,0.9999580383,0.3248604238,0.007263766833,1,0
27.5,0.9992414755,-0.0007585244579,1.640454224,0.6419160291,0.9985381954,89.46134271,0,63.75734118,0,0.7432017238,1.037116125e-18,-0.00618972667,1.064942252e-16,0.9836712688,0.9999580383,0.3248604238,0.007275425581,1,0
27.59999847,0.9992388036,-0.000761196413,1.640445473,0.641910982,0.9985344906,89.55350967,0,63.75639806,0,0.7431985516,-5.509204552e-20,-0.006188243573,4.065909461e-18,0.9836413736,0.9999580383,0.3248604238,0.007268869855,1,0
27.69999886,0.9992361053,-0.0007638947312,1.640322916,0.6419076993,0.9984152169,89.64567391,0,63.75545313,0,0.7431966119,3.180991797e-19,-0.00618718167,7.980328991e-17,0.9836057618,0.9999580383,0.3248604238,0.007274416064,1,0
27.79999924,0.9992334505,-0.0007665494909,1.640358433,0.6419052799,0.9984531534,89.73784102,0,63.75451065,0,0.7431952394,2.679894062e-19,-0.006185985335,7.058035258e-17,0.9836205566,0.9999580383,0.3248604238,0.007270687801,1,0
27.89999962,0.999230798,-0.0007692019821,1.640324977,0.6419027274,0.9984222498,89.83000768,0,63.75356778,0,0.7431938408,5.109271555e-19,-0.006184734338,6.702358248e-17,0.9836167169,0.9999580383,0.3248604238,0.007280671372,1,0
28,0.9992280588,-0.0007719411772,1.640430533,0.6419019415,0.9985285919,89.92216599,0,63.75261896,0,0.7431935362,-4.725290926e-19,-0.006183767657,4.504895474e-19,0.9835950885,0.9999580383,0.3248604238,0.007288111223,1,0
28.09999847,0.9992254415,-0.0007745585093,1.640375411,0.6418994798,0.9984759313,90.01433469,0,63.75167705,0,0.7431922027,-2.873403822e-19,-0.00618260094,1.693848509e-17,0.9836032026,0.9999580383,0.3248604238,0.007285318203,1,0
28.19999886,0.999222815,-0.0007771849686,1.640242998,0.6418965791,0.9983464193,90.10650216,0,63.7507344,0,0.7431906355,-4.393025694e-19,-0.006181322277,-6.871649564e-17,0.9836309551,0.9999580383,0.3248604238,0.007260428274,1,0
28.29999924,0.999220232,-0.0007797679713,1.64028577,0.6418967849,0.998388985,90.1986731,0,63.74979466,0,0.7431911809,1.990869155e-19,-0.006180408564,-9.008843723e-17,0.9835822266,0.9999580383,0.3248604238,0.00728817527,1,0
28.39999962,0.9992176428,-0.0007823572224,1.640385987,0.6418967976,0.9984891891,90.29084294,0,63.74885526,0,0.7431916571,1.704685088e-19,-0.006179743115,-1.037835377e-16,0.9835959894,0.9999580383,0.3248604238,0.007295928027,1,0
28.5,0.999215037,-0.0007849629511,1.640236303,0.6418975451,0.9983387576,90.38301098,0,63.747915,0,0.7431926512,-1.274832407e-19,-0.006178728229,4.081099307e-17,0.9835773973,0.9999580383,0.3248604238,0.007292140254,1,0
28.59999847,0.9992123732,-0.0007876268167,1.640433281,0.6418978111,0.9985354698,90.47517322,0,63.74697133,0,0.7431933255,9.909144749e-19,-0.006177761776,-5.716433138e-17,0.9836437895,0.9999580383,0.3248604238,0.007269208504,1,0
28.69999886,0.999209785,-0.0007902149635,1.640221575,0.6418975606,0.9983240148,90.56734177,0,63.7460327,0,0.7431936611,5.828001043e-19,-0.006176829082,-5.122055078e-18,0.9836075196,0.9999580383,0.3248604238,0.00728700598,1,0
28.79999924,0.9992073108,-0.0007926891905,1.640308185,0.6418978537,0.9984103314,90.65951991,0,63.74510109,0,0.7431944209,5.537634863e-19,-0.006175907562,8.99423375e-17,0.9836051846,0.9999580383,0.3248604238,0.007272521174,1,0
28.89999962,0.9992047765,-0.0007952235294,1.640407852,0.6418992219,0.9985086305,90.75169179,0,63.74416493,0,0.7431959752,1.610586052e-19,-0.006175336964,6.150492473e-17,0.9836543543,0.9999580383,0.3248604238,0.007261845571,1,0
29,0.9992022858,-0.0007977141873,1.640401432,0.6419007909,0.9985006416,90.84386691,0,63.74323101,0,0.7431977743,5.065502271e-19,-0.006174591026,1.701679736e-17,0.9836487147,0.9999580383,0.3248604238,0.007258219383,1,0
29.09999847,0.9991998295,-0.0008001705095,1.640161785,0.6419044915,0.9982572939,90.93604477,0,63.74229857,0,0.7432011528,-1.148969122e-19,-0.00617409011,-6.971118275e-17,0.9835620404,0.9999580383,0.3248604238,0.007306310217,1,0
29.19999886,0.99919726,-0.0008027400065,1.640198699,0.6419063929,0.9982923061,91.02821197,0,63.74135875,0,0.7432031838,-1.154996813e-20,-0.006173469704,-3.984933456e-17,0.9836185259,0.9999580383,0.3248604238,0.007279797429,1,0
29.29999924,0.9991947707,-0.0008052292669,1.640403779,0.6419104489,0.9984933303,91.12038619,0,63.74042418,0,0.7432065854,7.303464557e-20,-0.006173256609,5.58264569e-17,0.9836485336,0.9999580383,0.3248604238,0.007266499238,1,0
29.39999962,0.9991922372,-0.0008077627916,1.640413238,0.6419137828,0.9984994548,91.21255607,0,63.73948728,0,0.7432094458,1.017634683e-18,-0.006172960291,6.784732174e-17,0.9836488684,0.9999580383,0.3248604238,0.007261396501,1,0
29.5,0.9991898155,-0.0008101844784,1.639998648,0.6419174206,0.9980812271,91.30473658,0,63.73855762,0,0.7432126266,-1.24644163e-19,-0.00617257934,4.236364693e-17,0.9836061071,0.9999580383,0.3248604238,0.007278503548,1,0
29.59999847,0.9991872737,-0.000812726309,1.640088105,0.6419209042,0.9981672008,91.39690548,0,63.73762057,0,0.743215582,-5.763598828e-19,-0.006172390815,-7.974587648e-18,0.9835945895,0.9999580383,0.3248604238,0.007269359387,1,0
29.69999886,0.9991848483,-0.0008151517413,1.640083056,0.6419233733,0.9981596827,91.48908469,0,63.73669081,0,0.7432177265,-1.980115872e-19,-0.006171888295,1.323741342e-16,0.9835988133,0.9999580383,0.3248604238,0.007287669901,1,0
29.79999924,0.9991823808,-0.0008176191777,1.640290062,0.6419256934,0.9983643683,91.58125939,0,63.7357582,0,0.7432197267,-9.255648159e-19,-0.006171345464,4.472060789e-17,0.9836434336,0.9999580383,0.3248604238,0.007266092612,1,0
29.89999962,0.9991799321,-0.0008200679147,1.640427971,0.6419294485,0.9984985228,91.67343519,0,63.73482655,0,0.7432226123,6.269040688e-19,-0.006171252532,-1.812414613e-17,0.9836297612,0.9999580383,0.3248604238,0.00726195802,1,0
30,0.9991776105,-0.000822389538,1.640036218,0.6419327777,0.9981034399,91.76562226,0,63.73390218,0,0.7432250312,-7.751096447e-19,-0.006171227045,-6.881284946e-17,0.983587171,0.9999580383,0.3248604238,0.007280843559,1,0
30.09999847,0.9991752097,-0.0008247902636,1.640312268,0.6419363048,0.9983759631,91.85780117,0,63.73297262,0,0.7432277072,3.909476846e-19,-0.006171277627,-3.835479491e-17,0.9836024182,0.9999580383,0.3248604238,0.007282623111,1,0
30.19999886,0.999172811,-0.000827188998,1.6403659,0.6419406679,0.9984252325,91.94997982,0,63.7320427,0,0.743230907,5.50387368e-20,-0.006171563987,-1.835387798e-18,0.9836419547,0.9999580383,0.3248604238,0.00728337549,1,0
30.29999924,0.9991703728,-0.0008296271633,1.64023492,0.6419433728,0.9982915468,92.04215449,0,63.73111043,0,0.7432326567,2.153859658e-19,-0.006171604971,2.227159015e-17,0.9836401135,0.9999580383,0.3248604238,0.007265289976,1,0
30.39999962,0.9991680468,-0.0008319532052,1.639987488,0.6419468763,0.9980406122,92.1343392,0,63.73018543,0,0.743235025,1.880367042e-20,-0.006171988016,7.054453298e-17,0.9836525619,0.9999580383,0.3248604238,0.007256768372,1,0
30.5,0.9991656478,-0.0008343522108,1.639910596,0.6419499658,0.9979606303,92.22651681,0,63.72925645,0,0.7432368871,2.736780953e-19,-0.006172321219,7.120200299e-18,0.9836236565,0.9999580383,0.3248604238,0.007267239262,1,0
30.59999847,0.9991633053,-0.0008366946737,1.640189342,0.6419525658,0.9982367765,92.31869974,0,63.72833143,0,0.7432390823,-6.873026132e-19,-0.006172988657,1.36424091e-16,0.9836323699,0.9999580383,0.3248604238,0.00726418565,1,0
30.69999886,0.9991609325,-0.0008390675232,1.640536985,0.6419552856,0.9985816997,92.4108795,0,63.72740436,0,0.7432408703,-7.735542996e-20,-0.006173795913,-1.275658995e-16,0.9836303576,0.9999580383,0.3248604238,0.007265292223,1,0
30.79999924,0.999158612,-0.0008413879782,1.640035093,0.6419578551,0.9980772378,92.50306375,0,63.72648052,0,0.7432424074,-2.56151702e-19,-0.006174825315,4.37555883e-17,0.9835942042,0.9999580383,0.3248604238,0.007272689949,1,0
30.89999962,0.9991562533,-0.0008437466944,1.639880646,0.6419591836,0.997921462,92.59524438,0,63.72555353,0,0.7432432938,-5.417395825e-20,-0.006175707223,-1.986966096e-17,0.9836576504,0.9999580383,0.3248604238,0.007257644808,1,0
31,0.9991539577,-0.0008460423445,1.640308762,0.6419612746,0.9983474878,92.68743014,0,63.72463032,0,0.7432446727,-9.540459106e-19,-0.006176902563,-5.989655548e-17,0.9836211088,0.9999580383,0.3248604238,0.007269673216,1,0
31.09999847,0.9991516769,-0.0008483231083,1.640139788,0.6419627895,0.9981769985,92.77961678,0,63.72370719,0,0.7432456156,-6.352268891e-19,-0.006177990777,4.739871418e-17,0.9836024669,0.9999580383,0.3248604238,0.007286178427,1,0
31.19999886,0.9991494125,-0.0008505874768,1.640303845,0.6419636962,0.9983401492,92.87180471,0,63.72278522,0,0.7432457384,-2.57373228e-19,-0.00617913183,-1.518129094e-16,0.9836209359,0.9999580383,0.3248604238,0.007275427055,1,0
31.29999924,0.9991471226,-0.0008528773908,1.640286333,0.641965401,0.9983209319,92.96398999,0,63.7218614,0,0.7432470421,3.040301114e-19,-0.006180844631,5.457720916e-17,0.9836533722,0.9999580383,0.3248604238,0.007265695628,1,0
31.39999962,0.9991448026,-0.0008551974259,1.640302489,0.6419658187,0.99833667,93.05617216,0,63.72093625,0,0.7432470389,6.350306453e-19,-0.006182072943,-2.927921437e-17,0.9836436038,0.9999580383,0.3248604238,0.007269608294,1,0
31.5,0.9991424841,-0.0008575158926,1.640285608,0.6419655432,0.9983200646,93.14835416,0,63.72001195,0,0.7432462693,1.819426473e-19,-0.006183425366,-9.464179219e-17,0.9836028037,0.9999580383,0.3248604238,0.007284228261,1,0
31.59999847,0.9991402077,-0.0008597923266,1.640197062,0.6419654503,0.9982316113,93.24053937,0,63.71909021,0,0.7432460772,-6.33105313e-19,-0.006185053143,-6.851358575e-17,0.9836312205,0.9999580383,0.3248604238,0.007261514493,1,0
31.69999886,0.9991380099,-0.0008619900875,1.639845971,0.6419649741,0.9978809973,93.33273159,0,63.71817404,0,0.7432457132,5.790895659e-20,-0.00618685086,-8.522631586e-17,0.9836143583,0.9999580383,0.3248604238,0.00728822681,1,0
31.79999924,0.9991356944,-0.0008643056483,1.639831594,0.6419636201,0.9978679735,93.42491186,0,63.7172497,0,0.7432445281,-3.457211968e-19,-0.006188354164,8.836459963e-17,0.9836051478,0.9999580383,0.3248604238,0.007286223874,1,0
31.89999962,0.9991334784,-0.0008665216409,1.640187216,0.6419621495,0.9982250667,93.51710084,0,63.71633141,0,0.7432437429,-6.052986673e-19,-0.006190525302,5.198688306e-17,0.9836181867,0.9999580383,0.3248604238,0.007285886087,1,0
32,0.999131268,-0.0008687320013,1.639944498,0.6419592417,0.9979852561,93.60928974,0,63.71541241,0,0.7432420714,-4.374021801e-19,-0.006192563994,5.399706468e-17,0.983591947,0.9999580383,0.3248604238,0.007304446875,1,0
32.09999847,0.9991289589,-0.0008710410742,1.640150363,0.641955047,0.9981953164,93.70146895,0,63.71448669,0,0.7432394909,-9.517655675e-19,-0.006194635251,-1.873064734e-17,0.9836347644,0.9999580383,0.3248604238,0.00725951386,1,0
32.20000076,0.9991266667,-0.0008733332599,1.640173071,0.6419511051,0.9982219657,93.79364964,0,63.71356143,0,0.7432365577,-4.800728348e-19,-0.0061968693,-1.81792882e-17,0.9836327111,0.9999580383,0.3248604238,0.007259786858,1,0
32.29999924,0.9991243891,-0.0008756109116,1.639906664,0.6419474326,0.9979592314,93.88583142,0,63.71263733,0,0.743233415,-1.728631769e-18,-0.006198350035,1.726711741e-18,0.9836028943,0.9999580383,0.3248604238,0.007285874683,1,0
32.39999771,0.999122112,-0.0008778879856,1.640201268,0.6419416962,0.9982595719,93.97801276,0,63.71171366,0,0.7432294154,-2.163822798e-19,-0.00620013052,-2.930806404e-17,0.9836111087,0.9999580383,0.3248604238,0.007290710349,1,0
32.5,0.9991198859,-0.0008801141447,1.640025145,0.6419352915,0.9980898539,94.07019905,0,63.71079351,0,0.7432241519,-2.369327485e-19,-0.006201587446,-9.05877496e-17,0.9836287933,0.9999580383,0.3248604238,0.007276378279,1,0
32.59999847,0.9991177258,-0.0008822742437,1.640133089,0.6419293316,0.9982037571,94.16239141,0,63.70987802,0,0.7432188545,3.752619814e-19,-0.00620307202,3.214697699e-17,0.983616546,0.9999580383,0.3248604238,0.007268244056,1,0
32.70000076,0.9991155538,-0.0008844462048,1.63990511,0.6419220277,0.9979830823,94.25458205,0,63.70896162,0,0.7432128052,5.007370214e-19,-0.006204769747,-1.400428442e-16,0.9836085372,0.9999580383,0.3248604238,0.007280756867,1,0
32.79999924,0.9991133033,-0.0008866967077,1.639879907,0.6419156149,0.9979642916,94.34676423,0,63.70803991,0,0.7432067623,1.87442261e-20,-0.006206382597,-5.933268002e-18,0.9836050418,0.9999580383,0.3248604238,0.007283598893,1,0
32.89999771,0.9991111248,-0.0008888751672,1.64018951,0.6419083568,0.9982811529,94.43895244,0,63.70712219,0,0.7432000424,-2.609110811e-19,-0.006208183011,-1.305380202e-16,0.9836096374,0.9999580383,0.3248604238,0.007290466179,1,0
33,0.9991088919,-0.0008911081142,1.640168243,0.6419000711,0.9982681719,94.53113444,0,63.70620057,0,0.7431924836,6.136237103e-19,-0.006209846456,9.484534422e-17,0.9836330589,0.9999580383,0.3248604238,0.007256488945,1,0
33.09999847,0.9991066298,-0.0008933701574,1.639744857,0.6418909535,0.9978539037,94.62331293,0,63.70527624,0,0.7431839652,-9.505257788e-20,-0.006211936371,5.27097107e-17,0.9835933002,0.9999580383,0.3248604238,0.007271961465,1,0
33.20000076,0.9991044307,-0.0008955693202,1.639870515,0.6418818096,0.9979887055,94.71549712,0,63.70435545,0,0.7431752317,-2.378163163e-19,-0.006213661297,-4.562008898e-18,0.9836055055,0.9999580383,0.3248604238,0.007282559761,1,0
33.29999924,0.9991022229,-0.0008977771423,1.640102295,0.6418720051,0.9982302898,94.80767992,0,63.70343458,0,0.7431658185,-3.903919614e-19,-0.006215168191,-7.9511253e-17,0.9836126227,0.9999580383,0.3248604238,0.007277837314,1,0
33.39999771,0.9990999811,-0.0009000188527,1.640397156,0.6418608061,0.9985363495,94.89985918,0,63.70251183,0,0.7431554173,2.751084456e-20,-0.00621699234,1.218813689e-16,0.9836219114,0.9999580383,0.3248604238,0.00727252698,1,0
33.5,0.9990977659,-0.0009022340656,1.639812335,0.6418483209,0.9979640144,94.99204078,0,63.70159134,0,0.7431440274,3.814374921e-19,-0.006218970158,8.938835923e-17,0.9836368412,0.9999580383,0.3248604238,0.007266349317,1,0
33.59999847,0.9990955373,-0.00090446271,1.640020444,0.6418374344,0.9981830098,95.08422078,0,63.70066991,0,0.7431335391,7.503898432e-19,-0.006220844277,6.368574205e-17,0.9835990048,0.9999580383,0.3248604238,0.007286275777,1,0
33.70000076,0.9990932603,-0.00090673971,1.640023374,0.6418243996,0.9981989744,95.17639546,0,63.69974516,0,0.743121405,-7.42116722e-19,-0.006222984907,4.027814242e-17,0.9836395579,0.9999580383,0.3248604238,0.007265787563,1,0
33.79999924,0.999091091,-0.0009089090367,1.640066492,0.6418121818,0.9982543107,95.26858021,0,63.69882685,0,0.7431096435,4.215854851e-19,-0.006225554257,7.521440991e-17,0.9836608607,0.9999580383,0.3248604238,0.007247876564,1,0
33.89999771,0.9990888536,-0.0009111464014,1.639879523,0.6417986729,0.9980808506,95.36075802,0,63.69790347,0,0.7430972358,-1.435555733e-19,-0.006227714945,9.363535199e-17,0.9836009398,0.9999580383,0.3248604238,0.007292133632,1,0
34,0.999086625,-0.0009133749739,1.640000817,0.6417852315,0.9982155858,95.45293591,0,63.69698029,0,0.7430848652,3.222374892e-19,-0.006230272571,1.765344972e-17,0.9836144606,0.9999580383,0.3248604238,0.007284583167,1,0
34.09999847,0.9990843519,-0.0009156480843,1.640115275,0.6417726574,0.9983426179,95.54510943,0,63.69605357,0,0.7430732598,6.24171911e-20,-0.00623243849,-7.629647593e-17,0.9836288005,0.9999580383,0.3248604238,0.007288122441,1,0
34.20000076,0.9990820292,-0.0009179707558,1.639991783,0.6417592457,0.9982325368,95.63727745,0,63.69512352,0,0.7430612102,-1.235988183e-19,-0.006234615671,1.202867581e-16,0.9836411826,0.9999580383,0.3248604238,0.007251303231,1,0
34.29999924,0.9990797685,-0.0009202315027,1.639811306,0.641747399,0.9980639069,95.72945137,0,63.69419747,0,0.7430504001,8.16061528e-20,-0.006236757175,-1.363989089e-17,0.9835815127,0.9999580383,0.3248604238,0.007273269727,1,0
34.39999771,0.9990774989,-0.0009225011489,1.640051677,0.6417347583,0.9983169182,95.82162366,0,63.69327178,0,0.7430393008,5.167656508e-19,-0.006238930921,6.19350083e-17,0.9836413577,0.9999580383,0.3248604238,0.007267370981,1,0
34.5,0.9990751609,-0.0009248391032,1.639849693,0.6417218598,0.9981278331,95.91378893,0,63.6923416,0,0.7430281226,2.913309131e-19,-0.006241414464,4.133966444e-18,0.9836452779,0.9999580383,0.3248604238,0.007272762903,1,0
34.59999847,0.999072871,-0.00092712901,1.640031186,0.6417090061,0.9983221796,96.00595837,0,63.69141457,0,0.7430173638,1.53947747e-20,-0.006243565077,7.244654642e-17,0.9835759784,0.9999580383,0.3248604238,0.007292827172,1,0
34.70000076,0.9990705497,-0.0009294502509,1.640014827,0.6416980467,0.9983167805,96.09812402,0,63.69048581,0,0.7430078988,-1.865925107e-19,-0.006245801572,8.131275853e-18,0.9836391197,0.9999580383,0.3248604238,0.007258211691,1,0
34.79999924,0.999068198,-0.0009318019902,1.639975543,0.641682939,0.9982926042,96.19028575,0,63.68955477,0,0.7429964187,3.918270866e-19,-0.006248302101,-1.020021271e-17,0.9836195495,0.9999580383,0.3248604238,0.00728760297,1,0
34.89999771,0.9990658762,-0.0009341237886,1.640090323,0.6416705284,0.9984197948,96.28245011,0,63.68862457,0,0.742986769,2.294770918e-20,-0.006250389295,6.419284189e-17,0.9836307323,0.9999580383,0.3248604238,0.007274082642,1,0
35,0.9990635826,-0.0009364173727,1.639821904,0.6416582446,0.9981636594,96.37461619,0,63.68769567,0,0.7429774095,-1.504866262e-19,-0.006252317949,1.343549711e-18,0.9836002937,0.9999580383,0.3248604238,0.007279495926,1,0
35.09999847,0.9990612448,-0.0009387551843,1.639865117,0.6416441548,0.9982209624,96.46677744,0,63.68676346,0,0.7429672766,-2.250403349e-19,-0.006254170093,-2.283541059e-17,0.9835858498,0.9999580383,0.3248604238,0.007295834485,1,0
35.20000076,0.9990588825,-0.0009411175309,1.639850209,0.6416306004,0.9982196082,96.55893623,0,63.68582927,0,0.7429577431,1.00248182e-18,-0.006255858621,3.491655055e-17,0.9836369744,0.9999580383,0.3248604238,0.007276064051,1,0
35.29999924,0.9990565072,-0.0009434928356,1.640010745,0.641617484,0.998393261,96.65109346,0,63.68489457,0,0.7429487388,-9.700000177e-20,-0.006257405613,-2.68823765e-17,0.9836556297,0.9999580383,0.3248604238,0.00726459371,1,0
35.39999771,0.9990540811,-0.0009459188996,1.639960796,0.6416055608,0.9983552347,96.74324533,0,63.68395685,0,0.7429405842,2.048707691e-19,-0.006258937843,8.815423121e-17,0.9836232888,0.9999580383,0.3248604238,0.007265300771,1,0
35.5,0.9990517289,-0.0009482711238,1.64004273,0.6415935623,0.9984491674,96.8354038,0,63.68302439,0,0.7429325749,-4.089262169e-19,-0.006260263035,-8.227729967e-17,0.9836344873,0.9999580383,0.3248604238,0.007271831898,1,0
35.59999847,0.9990493309,-0.0009506691279,1.639904467,0.6415829987,0.9983214679,96.9275574,0,63.68208909,0,0.7429255201,-3.467159106e-19,-0.006261302138,-6.721941128e-17,0.9836474689,0.9999580383,0.3248604238,0.007253018528,1,0
35.70000076,0.999047011,-0.0009529890082,1.639958227,0.6415711613,0.9983870658,97.01971799,0,63.68115859,0,0.7429177902,-4.412526275e-19,-0.006262413354,1.230597142e-16,0.9836317648,0.9999580383,0.3248604238,0.00728785271,1,0
35.79999924,0.9990446233,-0.0009553766997,1.639994212,0.6415601861,0.9984340254,97.11187123,0,63.6802238,0,0.7429105872,-3.373366098e-19,-0.006263536536,-1.051109417e-16,0.9835978586,0.9999580383,0.3248604238,0.007286306637,1,0
35.89999771,0.9990421777,-0.000957822257,1.639911782,0.6415506393,0.9983611429,97.20401787,0,63.67928481,0,0.742904215,-4.380027647e-19,-0.00626466407,8.113026064e-17,0.9835973762,0.9999580383,0.3248604238,0.007281870923,1,0
36,0.9990397625,-0.0009602375027,1.639962106,0.6415415134,0.9984205924,97.29616686,0,63.678347,0,0.7428979777,-4.278932203e-21,-0.006265374161,7.56232488e-17,0.9836369365,0.9999580383,0.3248604238,0.007263434255,1,0
36.09999847,0.9990373741,-0.0009626259285,1.640001447,0.641535138,0.9984663095,97.38831768,0,63.67741037,0,0.7428933751,-5.56661226e-20,-0.00626606949,-1.333949386e-17,0.9836124397,0.9999580383,0.3248604238,0.007276737364,1,0
36.20000076,0.9990349398,-0.0009650601781,1.639968152,0.6415267197,0.9984414326,97.48046351,0,63.67647111,0,0.7428871969,-1.89596392e-19,-0.006266845925,-4.488023778e-17,0.983606084,0.9999580383,0.3248604238,0.007279984987,1,0
36.29999924,0.9990325281,-0.000967471885,1.639878175,0.6415171111,0.9983610638,97.57261121,0,63.67553305,0,0.7428798383,6.544183032e-20,-0.006267803578,6.671654525e-18,0.9836668092,0.9999580383,0.3248604238,0.007249536718,1,0
36.39999771,0.9990300986,-0.00096990139,1.640002666,0.6415092798,0.9984933861,97.66475646,0,63.67459379,0,0.7428732784,-1.019467561e-18,-0.006268783461,4.513155059e-17,0.9836324584,0.9999580383,0.3248604238,0.007291551035,1,0
36.5,0.9990276473,-0.0009723527034,1.639985036,0.6415019162,0.9984831198,97.75689899,0,63.6736537,0,0.7428665717,-7.28497442e-19,-0.006269617374,4.474433285e-17,0.9835899808,0.9999580383,0.3248604238,0.00730193446,1,0
36.59999847,0.9990252017,-0.0009747983297,1.639985935,0.6414949692,0.998490966,97.84904145,0,63.6727143,0,0.7428596814,6.078705269e-19,-0.006270507268,2.590755539e-18,0.9836369513,0.9999580383,0.3248604238,0.007257777135,1,0
36.70000076,0.9990227201,-0.0009772799055,1.639897612,0.6414888179,0.9984087938,97.94117972,0,63.67177237,0,0.7428527049,-8.498981652e-19,-0.006271354207,5.657353873e-17,0.9836295098,0.9999580383,0.3248604238,0.00726147189,1,0
36.79999924,0.9990202268,-0.000979773174,1.639978981,0.6414826509,0.9984963303,98.033316,0,63.67082979,0,0.7428452674,3.170082133e-20,-0.006272280329,-3.166155501e-17,0.9836018864,0.9999580383,0.3248604238,0.007288095942,1,0
36.89999771,0.9990176766,-0.0009823234339,1.639981066,0.6414768402,0.998504226,98.12544589,0,63.66988267,0,0.7428375594,-1.448101154e-20,-0.006273166354,-6.70349765e-17,0.9835984677,0.9999580383,0.3248604238,0.007283251112,1,0
37,0.9990151383,-0.0009848616564,1.639969319,0.6414705679,0.9984987512,98.21757631,0,63.66893562,0,0.7428290641,2.519253632e-19,-0.006274114353,1.639770101e-17,0.9836305653,0.9999580383,0.3248604238,0.007274118861,1,0
37.09999847,0.9990126064,-0.0009873935928,1.639923282,0.6414660095,0.9984572724,98.30970707,0,63.6679887,0,0.742821208,1.135193132e-19,-0.006274972461,-3.55037108e-17,0.9836391635,0.9999580383,0.3248604238,0.007258244137,1,0
37.20000076,0.9990100596,-0.0009899404203,1.639907733,0.6414620029,0.9984457304,98.40183529,0,63.66704063,0,0.7428135113,-4.215368002e-19,-0.006275685701,6.45382017e-17,0.9836022085,0.9999580383,0.3248604238,0.007283316568,1,0
37.29999924,0.9990074202,-0.0009925797687,1.639915844,0.6414581532,0.9984576907,98.49395406,0,63.66608685,0,0.7428055321,-2.176765525e-20,-0.006276756841,-7.706511802e-17,0.9836139809,0.9999580383,0.3248604238,0.007278816341,1,0
37.39999771,0.9990048319,-0.0009951681403,1.639949152,0.6414537782,0.9984953743,98.5860772,0,63.66513681,0,0.7427971654,-1.803861269e-19,-0.006277803213,-3.343676858e-17,0.9836190671,0.9999580383,0.3248604238,0.007288180306,1,0
37.5,0.9990022465,-0.0009977534637,1.639935573,0.6414500299,0.9984855435,98.6782001,0,63.66418713,0,0.7427891953,-1.06618344e-19,-0.006279120313,-2.370785391e-17,0.9836419034,0.9999580383,0.3248604238,0.007259078272,1,0
37.59999847,0.9989996445,-0.001000355476,1.639926523,0.6414468733,0.9984796496,98.77032064,0,63.66323682,0,0.7427817144,-3.309420901e-19,-0.006280319854,7.630990648e-17,0.9836253092,0.9999580383,0.3248604238,0.0072643318,1,0
37.70000076,0.9989970497,-0.001002950313,1.639950736,0.6414433361,0.9985074004,98.86244103,0,63.66228642,0,0.7427742344,5.294921226e-19,-0.006281497628,-4.82795387e-18,0.983598899,0.9999580383,0.3248604238,0.007293209896,1,0
37.79999924,0.9989943751,-0.001005624909,1.639927957,0.6414395476,0.9984884094,98.9545527,0,63.66133068,0,0.7427667783,3.966848542e-19,-0.006282702356,-6.946155659e-17,0.9836604468,0.9999580383,0.3248604238,0.007250968125,1,0
37.89999771,0.9989917203,-0.001008279676,1.639899696,0.6414367358,0.99846296,99.04666556,0,63.66037532,0,0.7427604704,3.630446385e-19,-0.006283853191,-1.54593558e-17,0.9836227263,0.9999580383,0.3248604238,0.00726298406,1,0
38,0.9989890342,-0.001010965833,1.639919517,0.6414337329,0.9984857844,99.13877479,0,63.65941766,0,0.7427542811,-1.160747713e-19,-0.006285150171,3.263546103e-17,0.9836156135,0.9999580383,0.3248604238,0.007276107533,1,0
38.09999847,0.9989863209,-0.001013679126,1.639928682,0.6414303035,0.9984983786,99.23088063,0,63.6584584,0,0.7427484001,4.159894419e-19,-0.006286472198,-5.435768856e-17,0.9835957978,0.9999580383,0.3248604238,0.007293018929,1,0
38.20000076,0.9989836034,-0.001016396608,1.639930028,0.641426947,0.9985030812,99.32298573,0,63.65749805,0,0.7427432315,-9.40406031e-19,-0.006287761351,-1.364485954e-16,0.9836399165,0.9999580383,0.3248604238,0.007271919452,1,0
38.29999924,0.9989808678,-0.001019132223,1.639903838,0.6414234582,0.9984803801,99.41508845,0,63.65653681,0,0.7427382926,-4.111806459e-19,-0.006289099303,-8.255178188e-17,0.9836093424,0.9999580383,0.3248604238,0.007275189133,1,0
38.39999771,0.9989780824,-0.001021917564,1.639904441,0.6414197966,0.9984846445,99.50718578,0,63.65557286,0,0.7427336931,-3.904131038e-19,-0.006290430066,8.982270458e-17,0.9835900779,0.9999580383,0.3248604238,0.007289549051,1,0
38.5,0.9989753375,-0.001024662533,1.639896366,0.6414158219,0.998480544,99.59928666,0,63.65461168,0,0.7427295082,1.233434505e-19,-0.006291780313,-1.644925816e-17,0.9836056702,0.9999580383,0.3248604238,0.007276143697,1,0
38.59999847,0.9989725253,-0.001027474733,1.639898993,0.6414118045,0.9984871881,99.69138051,0,63.6536461,0,0.7427256877,-9.701389206e-19,-0.00629294693,4.992231652e-17,0.9835956655,0.9999580383,0.3248604238,0.007297738806,1,0
38.70000076,0.9989697314,-0.001030268551,1.639904542,0.6414073138,0.9984972281,99.78347583,0,63.65268241,0,0.7427220048,-1.860872398e-20,-0.006293997683,-6.096586519e-17,0.9836343907,0.9999580383,0.3248604238,0.007255485321,1,0
38.79999924,0.9989668663,-0.001033133736,1.639872118,0.6414029725,0.9984691456,99.87556307,0,63.65171374,0,0.7427186526,5.774651044e-19,-0.006295018993,-1.02190907e-16,0.9836142297,0.9999580383,0.3248604238,0.00726585717,1,0
38.89999771,0.9989640651,-0.001035934884,1.639917896,0.6413984673,0.998519429,99.9676562,0,63.65074873,0,0.7427155086,-3.746694689e-19,-0.006295948282,6.465050787e-17,0.9836296275,0.9999580383,0.3248604238,0.007268813638,1,0
39,0.9989612498,-0.001038750165,1.639884084,0.6413936456,0.9984904386,100.0597472,0,63.64978234,0,0.7427124336,1.830389618e-19,-0.00629650206,1.13428606e-16,0.9836038715,0.9999580383,0.3248604238,0.007258612073,1,0
39.09999847,0.9989583874,-0.001041612589,1.639891694,0.6413887852,0.9985029086,100.1518325,0,63.6488127,0,0.7427094665,1.896819543e-19,-0.006296987718,-3.806294609e-17,0.9836136027,0.9999580383,0.3248604238,0.007273445364,1,0
39.20000076,0.9989554406,-0.001044559435,1.639872555,0.641383402,0.9984891528,100.2439083,0,63.64783771,0,0.74270638,4.294839872e-19,-0.006297063148,1.127447939e-16,0.9835957564,0.9999580383,0.3248604238,0.007287833048,1,0
39.29999924,0.9989525121,-0.001047487879,1.639878652,0.6413777893,0.9985008624,100.3359857,0,63.64686373,0,0.7427032512,4.346212651e-19,-0.006296997689,1.121005256e-17,0.9835908366,0.9999580383,0.3248604238,0.007286974198,1,0
39.39999771,0.9989495475,-0.001050452484,1.639905725,0.6413721549,0.9985335702,100.4280587,0,63.64588824,0,0.7427000615,7.688544847e-19,-0.006296811788,1.218578819e-17,0.9835913117,0.9999580383,0.3248604238,0.007298152949,1,0
39.5,0.9989466207,-0.001053379337,1.639893762,0.6413665091,0.9985272529,100.520135,0,63.6449152,0,0.742696944,9.954572781e-19,-0.006296397044,-6.208859477e-17,0.9836250246,0.9999580383,0.3248604238,0.007259900073,1,0
39.59999847,0.9989436057,-0.001056394291,1.639884014,0.6413607408,0.9985232737,100.6122021,0,63.6439369,0,0.7426936887,-2.379238498e-20,-0.006295738652,-1.686125579e-17,0.9836006794,0.9999580383,0.3248604238,0.007287640252,1,0
39.70000076,0.9989405993,-0.001059400743,1.639864608,0.6413544566,0.9985101512,100.704269,0,63.64295949,0,0.7426901299,-1.420499309e-19,-0.006294811056,1.64578179e-17,0.9836168787,0.9999580383,0.3248604238,0.007279878333,1,0
39.79999924,0.9989376623,-0.001062337683,1.639912957,0.6413483067,0.9985646507,100.7963425,0,63.64198646,0,0.7426865249,-6.46800183e-19,-0.00629392783,5.572643727e-18,0.983599244,0.9999580383,0.3248604238,0.00729451135,1,0
39.89999771,0.9989346922,-0.001065307787,1.639863306,0.6413417218,0.9985215846,100.8884116,0,63.64101026,0,0.7426825751,5.333635548e-20,-0.006292947861,-2.18674592e-19,0.9836288978,0.9999580383,0.3248604238,0.007267269449,1,0
40,0.9989316829,-0.001068317119,1.639859508,0.6413352608,0.9985242474,100.9804757,0,63.64003143,0,0.7426786147,1.224984234e-18,-0.006291790619,2.431543861e-17,0.9836033823,0.9999580383,0.3248604238,0.007271521818,1,0
40.09999847,0.9989286553,-0.001071344735,1.639804349,0.6413283547,0.9984759941,101.0725372,0,63.63905136,0,0.7426741965,-1.135553593e-19,-0.006290562208,1.033837367e-16,0.9835754563,0.9999580383,0.3248604238,0.007278512013,1,0
40.20000076,0.9989255522,-0.001074447835,1.639841705,0.6413212612,0.9985204436,101.1645902,0,63.63806612,0,0.7426696129,-8.187128034e-20,-0.00628936847,6.693620145e-17,0.9836471596,0.9999580383,0.3248604238,0.007257444659,1,0
40.29999924,0.9989224664,-0.001077533592,1.639847479,0.6413145285,0.9985329508,101.2566445,0,63.63708236,0,0.7426652052,9.867043485e-19,-0.006288135163,-3.45700383e-17,0.9836392305,0.9999580383,0.3248604238,0.007262343064,1,0
40.39999771,0.9989194252,-0.001080574798,1.639851206,0.641307798,0.998543408,101.348703,0,63.6361013,0,0.7426607606,5.575238187e-19,-0.006286862683,-3.413713107e-17,0.9835665101,0.9999580383,0.3248604238,0.007297460045,1,0
40.5,0.998916294,-0.001083705965,1.639905937,0.6413005006,0.9986054367,101.4407514,0,63.63511507,0,0.7426557616,-6.731435914e-19,-0.006285589102,1.135116326e-16,0.9833430008,0.9999580383,0,0.007584288588,1,0
40.59999847,0.9989132426,-0.001086757354,1.639865889,0.6412930689,0.9985728196,101.5328074,0,63.63413456,0,0.7426506923,-6.905886496e-20,-0.006284368991,1.176994493e-17,0.9836533517,0.9999580383,0.3248604238,0.007258055915,1,0
40.70000076,0.9989100814,-0.001089918587,1.639857936,0.6412855744,0.9985723616,101.6248516,0,63.63314668,0,0.7426455903,-6.077241354e-19,-0.006283106723,-4.956467762e-17,0.9836445118,0.9999580383,0.3248604238,0.00728363054,1,0
40.79999924,0.9989069058,-0.001093094248,1.639852352,0.6412780131,0.9985743394,101.7168935,0,63.63215746,0,0.7426403293,2.020599206e-19,-0.006281667994,-5.025776604e-18,0.9836297164,0.9999580383,0.3248604238,0.007269952771,1,0
40.89999771,0.9989037352,-0.001096264827,1.639838111,0.641270349,0.9985677618,101.8089353,0,63.63116809,0,0.7426350423,-1.578518335e-19,-0.006280293258,-3.198318924e-17,0.9836146736,0.9999580383,0.3248604238,0.007281487653,1,0
41,0.9989004982,-0.001099501807,1.639836546,0.6412632003,0.9985733452,101.9009695,0,63.63017414,0,0.7426300692,8.679017738e-19,-0.006279091364,6.445124255e-17,0.9836389231,0.9999580383,0.3248604238,0.007261030279,1,0
41.09999847,0.9988973075,-0.001102692527,1.639804678,0.6412563183,0.99854836,101.9930077,0,63.62918264,0,0.7426252375,6.804249909e-20,-0.006277864093,4.597537955e-17,0.9836319094,0.9999580383,0.3248604238,0.0072673075,1,0
41.20000076,0.9988941152,-0.001105884848,1.639807031,0.6412494033,0.9985576274,102.0850454,0,63.62819104,0,0.7426204695,-2.113541187e-19,-0.006276685594,-5.647922292e-17,0.9836132951,0.9999580383,0.3248604238,0.007283898681,1,0
41.29999924,0.9988909068,-0.001109093156,1.639833814,0.6412427122,0.9985911021,102.177081,0,63.62719811,0,0.7426158369,-2.045484013e-19,-0.00627550174,8.61629435e-17,0.9836037184,0.9999580383,0.3248604238,0.0072716705,1,0
41.39999771,0.9988876821,-0.001112317917,1.639817754,0.6412358949,0.9985818589,102.2691147,0,63.62620447,0,0.7426111232,-2.87821378e-19,-0.006274287068,-5.470225185e-17,0.9836258904,0.9999580383,0.3248604238,0.007292778761,1,0
41.5,0.998884404,-0.001115595978,1.639797847,0.6412292942,0.9985685523,102.3611425,0,63.62520769,0,0.7426065246,2.285985775e-19,-0.006273161706,6.64687539e-17,0.983612919,0.9999580383,0.3248604238,0.007278757212,1,0
41.59999847,0.9988811651,-0.001118834857,1.639779188,0.6412228228,0.9985563649,102.453174,0,63.62421386,0,0.7426020905,-1.504348144e-19,-0.00627202993,-5.0735772e-17,0.9836265425,0.9999580383,0.3248604238,0.007251859431,1,0
41.70000076,0.9988779023,-0.001122097713,1.639778758,0.6412168319,0.9985619259,102.5452021,0,63.62321861,0,0.7425979827,4.871834547e-19,-0.006270874082,4.33715175e-17,0.9836002689,0.9999580383,0.3248604238,0.007282460547,1,0
41.79999924,0.9988746014,-0.001125398614,1.639781888,0.6412107253,0.9985711623,102.6372256,0,63.62222097,0,0.7425937604,-6.996592181e-20,-0.006269762018,-3.820348354e-17,0.983599599,0.9999580383,0.3248604238,0.007288573346,1,0
41.89999771,0.9988712731,-0.001128726865,1.639743083,0.6412046025,0.99853848,102.7292454,0,63.62122103,0,0.742589542,-6.440094631e-20,-0.00626867626,-4.89779678e-17,0.983646584,0.9999580383,0.3248604238,0.007267360682,1,0
42,0.998867997,-0.001132002972,1.639769806,0.6412001477,0.9985696579,102.8212697,0,63.62022419,0,0.7425863655,-3.535980549e-19,-0.006267777867,-3.358575953e-17,0.9836187653,0.9999580383,0.3248604238,0.007289336118,1,0
42.09999847,0.9988646179,-0.001135382146,1.639749237,0.6411959075,0.9985533293,102.9132825,0,63.61922032,0,0.7425833134,-4.605125191e-19,-0.006266916582,2.144864581e-17,0.9836078116,0.9999580383,0.3248604238,0.007279146704,1,0
42.20000076,0.9988612684,-0.00113873156,1.639769539,0.6411919186,0.9985776209,103.0052985,0,63.61821861,0,0.7425804065,5.001248206e-19,-0.006266011713,4.637711201e-17,0.9836223615,0.9999580383,0.3248604238,0.007274846154,1,0
42.29999924,0.9988579111,-0.001142088929,1.639732648,0.6411884089,0.998544239,103.0973131,0,63.61721654,0,0.7425777813,4.537276832e-19,-0.006265085574,-2.531242353e-17,0.983635818,0.9999580383,0.3248604238,0.007261405257,1,0
42.39999771,0.9988545976,-0.001145402433,1.63972884,0.6411851497,0.9985436898,103.1893324,0,63.61621744,0,0.7425752801,-2.585245616e-19,-0.006264320687,-2.232601039e-17,0.9836059301,0.9999580383,0.3248604238,0.007265881294,1,0
42.5,0.9988512037,-0.001148796264,1.639759229,0.6411820128,0.9985772166,103.2813427,0,63.61521387,0,0.742572859,-6.384330993e-19,-0.006263548963,-2.272672649e-17,0.9836367798,0.9999580383,0.3248604238,0.007257397355,1,0
42.59999847,0.9988478776,-0.001152122427,1.639734426,0.6411795755,0.9985548506,103.3733596,0,63.61421513,0,0.7425708391,-6.183650756e-19,-0.006262842579,-1.010704434e-16,0.9836224467,0.9999580383,0.3248604238,0.007268049532,1,0
42.70000076,0.9988444475,-0.00115555247,1.639709059,0.6411773035,0.9985317555,103.465365,0,63.61320959,0,0.7425687863,-2.154956149e-19,-0.006262292289,1.887043621e-17,0.9836229361,0.9999580383,0.3248604238,0.007289627421,1,0
42.79999924,0.9988410919,-0.001158908133,1.639733873,0.6411760773,0.9985577955,103.5573775,0,63.61220906,0,0.7425673917,7.39318538e-20,-0.006261774754,1.327531829e-16,0.9836568398,0.9999580383,0.3248604238,0.007263472877,1,0
42.89999771,0.9988377086,-0.001162291371,1.639707447,0.6411743509,0.9985330959,103.6493863,0,63.61120637,0,0.7425656076,2.145277571e-20,-0.00626132844,-2.273861527e-17,0.9836392651,0.9999580383,0.3248604238,0.007255566788,1,0
43,0.9988343526,-0.001165647394,1.639681065,0.6411740963,0.9985069685,103.7413976,0,63.61020479,0,0.7425647816,-5.889800563e-19,-0.006260905443,-1.315525737e-16,0.9835984996,0.9999580383,0.3248604238,0.007287455387,1,0
43.09999847,0.9988309425,-0.001169057494,1.639725499,0.6411733326,0.9985521663,103.833402,0,63.60919971,0,0.7425635197,-5.643215453e-19,-0.006260491781,1.739270277e-17,0.983658861,0.9999580383,0.3248604238,0.007257958947,1,0
43.20000076,0.9988275431,-0.001172456908,1.639721847,0.641174087,0.9985477604,103.9254071,0,63.60819503,0,0.7425631659,-2.911396227e-19,-0.006260209151,5.690931173e-17,0.9836198615,0.9999580383,0.3248604238,0.007295174501,1,0
43.29999924,0.9988241499,-0.001175850139,1.639661501,0.6411740117,0.998487489,104.0174119,0,63.60719112,0,0.742562183,-6.035092269e-19,-0.006259981259,3.186962151e-18,0.983636691,0.9999580383,0.3248604238,0.0072646669,1,0
43.39999771,0.9988207483,-0.001179251731,1.639645918,0.6411740966,0.9984718214,104.1094158,0,63.6061865,0,0.7425612701,-2.696933207e-20,-0.006259759485,1.195207611e-17,0.9835745711,0.9999580383,0.3248604238,0.007294323437,1,0
43.5,0.9988172997,-0.001182700328,1.639639141,0.6411751188,0.9984640219,104.2014145,0,63.6051796,0,0.7425608358,2.70141743e-20,-0.006259672497,2.52693023e-17,0.9836738305,0.9999580383,0.3248604238,0.00724334102,1,0
43.59999847,0.9988138631,-0.001186136931,1.639663394,0.6411762616,0.9984871322,104.2934141,0,63.60417381,0,0.7425604165,-4.154500038e-19,-0.00625963604,-5.962097384e-19,0.9836447891,0.9999580383,0.3248604238,0.007296761842,1,0
43.70000076,0.9988105253,-0.001189474688,1.639596529,0.6411778188,0.9984187101,104.3854233,0,63.60317434,0,0.7425602429,4.230942383e-19,-0.006259638225,8.068783622e-17,0.9836477484,0.9999580383,0.3248604238,0.007255818952,1,0
43.79999924,0.9988070279,-0.001192972129,1.639605744,0.6411802838,0.9984254605,104.4774146,0,63.60216494,0,0.7425605468,5.166297718e-20,-0.006259731847,9.317215426e-19,0.9836291172,0.9999580383,0.3248604238,0.007260418307,1,0
43.89999771,0.9988035889,-0.001196411113,1.639657332,0.6411834272,0.998473905,104.5694114,0,63.60115835,0,0.7425612238,-3.320101854e-19,-0.006259957673,2.367898548e-17,0.983605079,0.9999580383,0.3248604238,0.007278850294,1,0
44,0.9988001793,-0.001199820662,1.639579145,0.6411859039,0.998393241,104.6614105,0,63.60015339,0,0.7425614869,-1.462422462e-19,-0.006260199458,-5.533466719e-17,0.9836132197,0.9999580383,0.3248604238,0.007262615625,1,0
44.09999847,0.9987966917,-0.001203308286,1.639620617,0.641189417,0.9984312001,104.7534009,0,63.59914301,0,0.7425623732,6.287868679e-20,-0.006260478009,-2.325901048e-17,0.9836014016,0.9999580383,0.3248604238,0.007282999008,1,0
44.20000076,0.99879324,-0.001206760006,1.639547725,0.6411933131,0.998354412,104.845395,0,63.59813428,0,0.7425635473,-1.018595526e-18,-0.006260757504,-1.196687829e-16,0.9836622871,0.9999580383,0.3248604238,0.007262064121,1,0
44.29999924,0.9987898107,-0.0012101893,1.639644292,0.641198929,0.9984453627,104.9373911,0,63.59712729,0,0.7425659188,-7.376804296e-20,-0.006261074359,1.099384662e-17,0.9836457993,0.9999580383,0.3248604238,0.007263046449,1,0
44.39999771,0.9987864082,-0.001213591779,1.639593593,0.6412031001,0.9983904924,105.0293894,0,63.59612198,0,0.7425673219,-5.571647334e-19,-0.006261450179,9.438195149e-17,0.9836495656,0.9999580383,0.3248604238,0.00725148244,1,0
44.5,0.9987829491,-0.001217050905,1.639602693,0.6412085769,0.9983941157,105.1213809,0,63.59511382,0,0.7425696006,1.70276903e-19,-0.006261966109,8.093892004e-17,0.9835527275,0.9999580383,0.3248604238,0.007292773188,1,0
44.59999847,0.9987795342,-0.001220465815,1.63963911,0.6412139364,0.9984251733,105.2133768,0,63.59410886,0,0.7425718777,1.861078572e-19,-0.006262380841,2.556928947e-17,0.9836533666,0.9999580383,0.3248604238,0.007257037146,1,0
44.70000076,0.9987760994,-0.001223900553,1.639617497,0.6412199484,0.998397549,105.3053699,0,63.59310316,0,0.7425746496,-3.96142235e-19,-0.006262851996,5.508988528e-17,0.9836346056,0.9999580383,0.3248604238,0.007278362994,1,0
44.79999924,0.9987726147,-0.00122738526,1.639540035,0.6412255606,0.9983144745,105.3973567,0,63.59209408,0,0.7425771345,3.124983826e-20,-0.006263364418,5.352607958e-17,0.9836556244,0.9999580383,0.3248604238,0.007253270133,1,0
44.89999771,0.9987691274,-0.001230872616,1.639504063,0.6412321042,0.9982719584,105.4893425,0,63.59108403,0,0.7425803002,-6.798273626e-19,-0.006263881197,7.389312778e-17,0.9836334806,0.9999580383,0.3248604238,0.007261003662,1,0
45,0.9987657001,-0.001234299924,1.639447386,0.6412381226,0.9982092634,105.5813338,0,63.59007775,0,0.7425830911,-1.906151126e-19,-0.006264419833,-3.87156965e-17,0.9835898117,0.9999580383,0.3248604238,0.00728636063,1,0
45.09999847,0.9987622875,-0.001237712525,1.639605126,0.6412450354,0.9983600902,105.673326,0,63.58907154,0,0.7425865302,1.805458366e-19,-0.006265042358,-3.964138268e-17,0.983635272,0.9999580383,0.3248604238,0.007261086237,1,0
45.20000076,0.9987587948,-0.001241205202,1.639558943,0.6412516092,0.9983073339,105.7653093,0,63.58806008,0,0.742589664,-8.865715666e-20,-0.006265651286,1.026136027e-16,0.9836155899,0.9999580383,0.3248604238,0.007289589647,1,0
45.29999924,0.9987552603,-0.001244739704,1.639765934,0.6412596027,0.9985063311,105.8572877,0,63.58704604,0,0.7425936746,-3.610786806e-19,-0.0062663826,-3.472639381e-17,0.9836314462,0.9999580383,0.3248604238,0.007271930293,1,0
45.39999771,0.9987518019,-0.001248198056,1.639446506,0.641267578,0.9981789277,105.9492744,0,63.58603724,0,0.7425975308,-1.918484906e-19,-0.006267217994,-6.042442495e-17,0.9836049599,0.9999580383,0.3248604238,0.007278797019,1,0
45.5,0.9987483532,-0.001251646776,1.639440237,0.6412760067,0.9981642304,106.0412615,0,63.58503008,0,0.7426015683,4.250556508e-19,-0.006268295469,-4.900192632e-17,0.9835945048,0.9999580383,0.3248604238,0.007290393514,1,0
45.59999847,0.9987449861,-0.00125501385,1.639506751,0.6412849447,0.9982218059,106.1332571,0,63.58402832,0,0.742605789,-4.029415999e-20,-0.006269422304,6.382903663e-17,0.9836039239,0.9999580383,0.3248604238,0.007289184798,1,0
45.70000076,0.9987415256,-0.001258474387,1.639434093,0.6412940525,0.99814004,106.2252423,0,63.58302085,0,0.7426099283,7.99633721e-21,-0.006270867696,-1.281709829e-17,0.9836336111,0.9999580383,0.3248604238,0.007276848881,1,0
45.79999924,0.9987380559,-0.001261944141,1.63940471,0.6413029545,0.998101756,106.3172253,0,63.58201243,0,0.7426137214,-3.642036187e-19,-0.006272279985,-3.597138841e-17,0.9835990427,0.9999580383,0.3248604238,0.007269513922,1,0
45.89999771,0.9987345613,-0.001265438666,1.639319281,0.6413122418,0.9980070391,106.4092046,0,63.58100186,0,0.7426175393,2.944757682e-19,-0.006273803521,-3.113594887e-18,0.9835751448,0.9999580383,0.3248604238,0.007287939696,1,0
46,0.998731162,-0.001268837985,1.639419416,0.6413324631,0.998086953,106.5011935,0,63.57999694,0,0.7426279753,3.531236862e-19,-0.006274120924,-4.469529432e-17,0.9836224098,0.9999580383,0.3248604238,0.007273217767,1,0
46.09999847,0.9987276432,-0.001272356812,1.639222416,0.6413441867,0.9978782297,106.593168,0,63.57898345,0,0.7426326783,-4.438185522e-19,-0.006276332031,-3.715763273e-17,0.9836411674,0.9999580383,0.3248604238,0.007260734913,1,0
46.20000076,0.9987242031,-0.0012757969,1.639319968,0.6413565776,0.99796339,106.6851503,0,63.5779747,0,0.7426376094,2.68846417e-19,-0.006278585696,-2.605943355e-17,0.9836185255,0.9999580383,0.3248604238,0.00727053473,1,0
46.29999924,0.9987207344,-0.001279265576,1.639355091,0.6413686208,0.9979864699,106.7771293,0,63.57696428,0,0.7426420312,1.305242604e-19,-0.006281040104,-4.706027015e-17,0.9836008486,0.9999580383,0.3248604238,0.007275109098,1,0
46.39999771,0.9987173477,-0.001282652334,1.63953186,0.6413802822,0.9981515773,106.8691165,0,63.5759595,0,0.7426460267,5.386740511e-19,-0.006283671735,9.666581001e-17,0.9836127317,0.9999580383,0.3248604238,0.007284054055,1,0
46.5,0.998713992,-0.001286008007,1.638953656,0.6413925798,0.9975610767,106.9611069,0,63.57495724,0,0.742650415,-1.270043807e-19,-0.006286328099,-3.164710227e-17,0.9836332304,0.9999580383,0.3248604238,0.007249187433,1,0
46.59999847,0.998710526,-0.001289474028,1.639437836,0.6414043095,0.9980335262,107.0530845,0,63.57394873,0,0.7426542682,3.582478843e-20,-0.006288921412,1.351854613e-16,0.9836076053,0.9999580383,0.3248604238,0.007278793661,1,0
46.70000076,0.9987070787,-0.001292921344,1.639236854,0.6414160878,0.9978207663,107.145064,0,63.57294154,0,0.7426579005,-1.214225659e-19,-0.006291913202,-5.797200686e-17,0.9836116734,0.9999580383,0.3248604238,0.007277610056,1,0
46.79999924,0.9987037111,-0.001296288895,1.639387794,0.6414271351,0.9979606592,107.2370514,0,63.57193901,0,0.7426612228,9.483976305e-20,-0.00629475255,-3.304549451e-17,0.9836408252,0.9999580383,0.3248604238,0.007271722407,1,0
46.89999771,0.9987002832,-0.001299716777,1.639287303,0.641437502,0.9978498009,107.3290312,0,63.57093205,0,0.7426638665,-6.755738723e-19,-0.006297643042,1.408481003e-17,0.9836411516,0.9999580383,0.3248604238,0.007255257027,1,0
47,0.9986969005,-0.001303099494,1.639382919,0.6414478134,0.9979351056,107.4210157,0,63.56992728,0,0.7426666682,2.012772348e-19,-0.00630063134,1.690926475e-16,0.9835975274,0.9999580383,0.3248604238,0.007291240221,1,0
47.09999847,0.9986934919,-0.001306508083,1.639182929,0.6414577887,0.9977251402,107.5129967,0,63.56892001,0,0.7426693912,6.85754829e-20,-0.006303654901,1.272494222e-16,0.9836202912,0.9999580383,0.3248604238,0.007269731922,1,0
47.20000076,0.9986901433,-0.001309856685,1.63948707,0.6414684775,0.998018592,107.6049836,0,63.56791629,0,0.7426723125,-4.018563454e-19,-0.006307077334,-1.157102703e-17,0.9836147124,0.9999580383,0.3248604238,0.00726463541,1,0
47.29999924,0.998686768,-0.001313232018,1.639283607,0.6414778626,0.9978057448,107.6969673,0,63.5669112,0,0.7426746718,2.263150711e-19,-0.006310424908,-2.03365888e-17,0.9836471677,0.9999580383,0.3248604238,0.007263889831,1,0
47.39999771,0.9986833553,-0.001316644652,1.639310043,0.6414875397,0.9978225031,107.7889467,0,63.56590412,0,0.7426770008,-1.988138296e-19,-0.006313923638,8.894633908e-17,0.9836185469,0.9999580383,0.3248604238,0.007290246269,1,0
47.5,0.9986800014,-0.001319998568,1.639495724,0.6414963703,0.9979993538,107.8809319,0,63.56490171,0,0.7426791028,-4.558269885e-20,-0.006317343665,6.117218523e-17,0.9836394652,0.9999580383,0.3248604238,0.007263428609,1,0
47.59999847,0.9986765949,-0.001323405142,1.639218488,0.6415044917,0.9977139967,107.9729106,0,63.56389609,0,0.7426808615,-2.039760053e-19,-0.006320952968,-1.662993351e-17,0.9835897902,0.9999580383,0.3248604238,0.007281477266,1,0
47.70000076,0.9986732198,-0.001326780174,1.639087296,0.6415116686,0.9975756271,108.0648919,0,63.56289302,0,0.7426823662,1.403528979e-19,-0.006324482916,4.627885857e-18,0.9836490505,0.9999580383,0.3248604238,0.007278600065,1,0
47.79999924,0.9986697282,-0.001330271839,1.639452649,0.6415166037,0.9979360449,108.1568594,0,63.56188162,0,0.7426827878,-1.56850634e-20,-0.006327580173,2.023184966e-18,0.983629446,0.9999580383,0.3248604238,0.007267468908,1,0
47.89999771,0.9986663991,-0.00133360087,1.639230204,0.641521741,0.9977084626,108.2488441,0,63.56088061,0,0.7426833521,-2.793714195e-19,-0.006330675203,-1.439250994e-16,0.9836141295,0.9999580383,0.3248604238,0.007269758057,1,0
48,0.998662996,-0.001337003951,1.639234471,0.6415268293,0.9977076414,108.3408196,0,63.55987306,0,0.7426838104,5.717396962e-19,-0.006333746815,1.811130504e-17,0.9836028116,0.9999580383,0.3248604238,0.007299796837,1,0
48.09999847,0.9986595675,-0.00134043246,1.639647728,0.6415300547,0.9981176732,108.4327921,0,63.55886364,0,0.742683619,1.808568371e-20,-0.006336848283,6.032614431e-17,0.9836434275,0.9999580383,0.3248604238,0.007259944435,1,0
48.20000076,0.9986561237,-0.00134387634,1.639372831,0.641532781,0.9978400495,108.5247618,0,63.55785309,0,0.7426828218,3.107760229e-19,-0.006339724526,-5.961225648e-17,0.9836219972,0.9999580383,0.3248604238,0.007267699037,1,0
48.29999924,0.9986527414,-0.001347258611,1.639063193,0.6415337364,0.997529457,108.6167381,0,63.55684629,0,0.7426811056,-2.816637357e-19,-0.006342140477,-6.091528145e-17,0.9836051645,0.9999580383,0.3248604238,0.007286069924,1,0
48.39999771,0.9986494242,-0.001350575842,1.63911919,0.6415340229,0.9975851673,108.7087211,0,63.55584445,0,0.7426788906,-5.154661484e-19,-0.006344773361,-7.116773757e-18,0.9836118963,0.9999580383,0.3248604238,0.007291406637,1,0
48.5,0.9986459961,-0.001354003917,1.639413696,0.6415326687,0.9978810276,108.8006915,0,63.55483613,0,0.7426756439,-5.4072058e-19,-0.006347480328,-2.662808312e-17,0.983648415,0.9999580383,0.3248604238,0.007263988129,1,0
48.59999847,0.9986426747,-0.001357325323,1.639202385,0.6415310119,0.9976713731,108.8926733,0,63.55383463,0,0.7426720078,7.11097462e-19,-0.006349719246,2.104423769e-17,0.9836433414,0.9999580383,0.3248604238,0.007256978785,1,0
48.70000076,0.9986392778,-0.00136072216,1.639366767,0.6415289079,0.9978378593,108.9846459,0,63.5528285,0,0.7426678695,-2.374446279e-19,-0.006352455649,1.178666323e-16,0.9836073488,0.9999580383,0.3248604238,0.007275822389,1,0
48.79999924,0.9986359189,-0.001364081109,1.639330336,0.6415247162,0.9978056193,109.076622,0,63.55182497,0,0.7426623012,1.02637236e-19,-0.00635451428,2.509607888e-18,0.9836263592,0.9999580383,0.3248604238,0.007269429356,1,0
48.89999771,0.9986325496,-0.001367450396,1.639417124,0.6415210652,0.9978960584,109.1685959,0,63.55081961,0,0.7426567143,2.865330765e-19,-0.006356808524,-8.318104184e-18,0.983617227,0.9999580383,0.3248604238,0.007301413385,1,0
49,0.9986291483,-0.001370851743,1.639365797,0.6415156514,0.9978501455,109.2605654,0,63.54981147,0,0.7426499165,1.586635812e-20,-0.006358834761,3.175364459e-17,0.9836645274,0.9999580383,0.3248604238,0.007257177266,1,0
49.09999847,0.9986257534,-0.001374246639,1.639331052,0.6415087228,0.9978223295,109.3525346,0,63.54880283,0,0.7426418835,3.721866337e-19,-0.006360983871,7.525016169e-18,0.9836177729,0.9999580383,0.3248604238,0.007273358157,1,0
49.20000076,0.9986223535,-0.001377646518,1.639207891,0.6415003783,0.9977075128,109.4445019,0,63.54779315,0,0.7426328894,1.481581613e-20,-0.006362833844,4.183149447e-17,0.9836028596,0.9999580383,0.3248604238,0.007281968056,1,0
49.29999924,0.9986189089,-0.001381091062,1.639208794,0.6414921708,0.9977166235,109.5364627,0,63.54678058,0,0.7426236399,-7.185473704e-19,-0.006364823709,6.253249947e-17,0.9835809997,0.9999580383,0.3248604238,0.007306356257,1,0
49.39999771,0.998615523,-0.001384477047,1.639408686,0.641483173,0.9979255131,109.6284288,0,63.54577254,0,0.7426141197,-6.609911741e-20,-0.006366702788,2.328582139e-17,0.9836558096,0.9999580383,0.3248604238,0.007267629277,1,0
49.5,0.9986121674,-0.001387832645,1.639091199,0.6414738549,0.9976173445,109.7203971,0,63.54476716,0,0.7426045355,9.45876216e-20,-0.006368150904,6.186199916e-17,0.9836369036,0.9999580383,0.3248604238,0.007256514449,1,0
49.59999847,0.9986088221,-0.001391177859,1.639094047,0.6414643962,0.9976296509,109.8123648,0,63.54376293,0,0.7425948989,-4.902880695e-19,-0.006369520091,-3.685965002e-17,0.9835884741,0.9999580383,0.3248604238,0.007291020418,1,0
49.70000076,0.9986054166,-0.001394583391,1.639332588,0.6414552524,0.9978773359,109.9043239,0,63.54275484,0,0.742585579,-4.726951722e-19,-0.006371047203,8.638074721e-18,0.9835920401,0.9999580383,0.3248604238,0.007311956861,1,0
49.79999924,0.9986020351,-0.00139796486,1.639465942,0.6414442922,0.9980216502,109.9962844,0,63.54174813,0,0.7425752876,7.413776846e-20,-0.006372798088,-8.833728682e-17,0.98362747,0.9999580383,0.3248604238,0.007266918191,1,0
49.89999771,0.9985986842,-0.001401315811,1.639300274,0.641433549,0.9978667251,110.0882471,0,63.54074213,0,0.7425654821,-3.736331141e-19,-0.006374575141,2.591544294e-17,0.9836420024,0.9999580383,0.3248604238,0.007254946831,1,0
50,0.9985952672,-0.00140473279,1.639311013,0.6414216999,0.9978893135,110.180201,0,63.53973078,0,0.742555241,-3.979392219e-19,-0.006376278926,-1.140310998e-16,0.9836576581,0.9999580383,0.3248604238,0.007262629093,1,0
50.09999847,0.9985918686,-0.001408131363,1.639152006,0.6414101337,0.997741872,110.2721557,0,63.53871984,0,0.7425456803,-3.917305206e-19,-0.006377994569,-5.52326465e-17,0.9835840654,0.9999580383,0.3248604238,0.00726757839,1,0
50.20000076,0.9985884216,-0.001411578402,1.639328824,0.6413976575,0.9979311662,110.3641045,0,63.53770521,0,0.7425358477,-3.348591457e-19,-0.006379591394,9.45472148e-18,0.9836739991,0.9999580383,0.3248604238,0.007247801042,1,0
50.29999924,0.9985850003,-0.001414999743,1.639226487,0.6413839505,0.9978425361,110.4560556,0,63.53669233,0,0.7425255163,3.96323945e-20,-0.00638125989,3.250428424e-17,0.9836485874,0.9999580383,0.3248604238,0.007258569362,1,0
50.39999771,0.9985815996,-0.001418400438,1.639179286,0.6413703111,0.9978089747,110.5480082,0,63.53568165,0,0.7425154921,-6.449265511e-20,-0.006382874218,9.879210117e-18,0.9836062229,0.9999580383,0.3248604238,0.007278125285,1,0
50.5,0.9985781357,-0.001421864305,1.639305046,0.6413571548,0.9979478908,110.6399516,0,63.53466769,0,0.74250595,-4.766486237e-19,-0.006384381964,-1.337565527e-16,0.9836106964,0.9999580383,0.3248604238,0.007288793167,1,0
50.59999847,0.9985747393,-0.001425260727,1.63926976,0.6413443074,0.997925453,110.7318997,0,63.53365886,0,0.7424967922,-5.857461597e-19,-0.006385901184,-1.116633386e-16,0.9836450676,0.9999580383,0.3248604238,0.00725935033,1,0
50.70000076,0.9985713191,-0.001428680888,1.639139077,0.6413299995,0.9978090773,110.8238412,0,63.53264895,0,0.7424867048,-3.806716457e-19,-0.006387513688,-1.190442536e-16,0.9836265799,0.9999580383,0.3248604238,0.007268819161,1,0
50.79999924,0.9985679082,-0.001432091756,1.639211737,0.6413173781,0.9978943587,110.9157776,0,63.5316389,0,0.7424777713,1.446308757e-19,-0.006388293712,6.276759375e-17,0.9836154321,0.9999580383,0.3248604238,0.007297644001,1,0
50.89999771,0.9985644507,-0.001435549294,1.639377532,0.641303654,0.9980738778,111.0077019,0,63.5306251,0,0.7424681241,4.781378461e-19,-0.006389107002,3.302543138e-17,0.9836655599,0.9999580383,0.3248604238,0.007258001672,1,0
51,0.9985610321,-0.001438967895,1.639166994,0.6412918306,0.9978751632,111.0996232,0,63.5296125,0,0.7424594626,-3.617285246e-19,-0.006389950086,-5.839897469e-17,0.9835884698,0.9999580383,0.3248604238,0.007265029253,1,0
51.09999847,0.9985575895,-0.001442410469,1.639146793,0.6412787684,0.9978680247,111.1915335,0,63.52859757,0,0.7424499035,2.241079658e-19,-0.006390448535,-1.904140023e-17,0.9835959688,0.9999580383,0.3248604238,0.00728718609,1,0
51.19999695,0.9985541734,-0.001445826606,1.639113593,0.6412661706,0.9978474228,111.2834392,0,63.52758363,0,0.7424403944,-5.76161954e-19,-0.006390950552,-4.29274041e-17,0.983631346,0.9999580383,0.3248604238,0.007272486684,1,0
51.29999924,0.9985507705,-0.001449229495,1.639140252,0.6412531733,0.9978870786,111.375338,0,63.52657002,0,0.7424303021,6.552338807e-19,-0.00639116451,8.399200274e-17,0.9836186502,0.9999580383,0.3248604238,0.007273567683,1,0
51.39999771,0.9985473868,-0.001452613177,1.63901722,0.6412400189,0.9977772013,111.4672311,0,63.52555832,0,0.742419879,3.806705858e-20,-0.006391008201,6.02669641e-17,0.9835947341,0.9999580383,0.3248604238,0.007269369632,1,0
51.5,0.9985439301,-0.001456069937,1.639112677,0.6412269898,0.9978856877,111.5591082,0,63.52454274,0,0.7424091213,-8.475476087e-20,-0.006390839408,1.09512931e-17,0.9835942121,0.9999580383,0.3248604238,0.007297028091,1,0
51.59999847,0.998540463,-0.001459537004,1.639084189,0.6412141458,0.9978700433,111.6509759,0,63.52352736,0,0.742398125,2.691641577e-19,-0.006390411722,-1.719311757e-17,0.9836092344,0.9999580383,0.3248604238,0.007272360824,1,0
51.69999695,0.9985370055,-0.001462994527,1.639212927,0.6412020756,0.9980108513,111.7428352,0,63.52251272,0,0.7423871386,5.709830021e-19,-0.006390202924,-1.394849779e-17,0.9836224445,0.9999580383,0.3248604238,0.007280203676,1,0
51.79999924,0.9985335515,-0.00146644854,1.639109589,0.6411903904,0.9979191982,111.834684,0,63.52149787,0,0.7423762354,2.861338197e-19,-0.006389643263,5.866188699e-17,0.983629903,0.9999580383,0.3248604238,0.007261231677,1,0
51.89999771,0.9985300982,-0.001469901826,1.639132082,0.6411799577,0.9979521244,111.9265178,0,63.52048265,0,0.7423656397,-5.102145661e-19,-0.006389202513,-2.455706014e-17,0.9835975759,0.9999580383,0.3248604238,0.007266904959,1,0
52,0.9985266919,-0.001473308111,1.639093651,0.6411694718,0.9979241795,112.018338,0,63.51946957,0,0.7423546359,4.871681252e-19,-0.006388725126,-2.129698972e-17,0.9835985568,0.9999580383,0.3248604238,0.007284104383,1,0
52.09999847,0.9985232378,-0.001476762235,1.639070759,0.6411608458,0.9979099133,112.1101285,0,63.51845253,0,0.7423446487,-2.662675005e-19,-0.006388039406,1.615858036e-17,0.9836142073,0.9999580383,0.3248604238,0.007272089003,1,0
52.19999695,0.9985197974,-0.00148020262,1.639142337,0.6411530848,0.9979892521,112.2018897,0,63.51743603,0,0.7423349936,3.996654444e-19,-0.006387372364,3.203167612e-17,0.9835891653,0.9999580383,0.3248604238,0.007274981426,1,0
52.29999924,0.9985163376,-0.001483662445,1.639176262,0.6411443343,0.9980319275,112.293612,0,63.51641802,0,0.7423244074,3.890264542e-19,-0.006386999513,6.205035343e-17,0.9836154516,0.9999580383,0.3248604238,0.007285841303,1,0
52.39999771,0.9985129406,-0.001487059392,1.639105015,0.6411352901,0.9979697254,112.3852969,0,63.51540479,0,0.7423134359,1.990143304e-19,-0.006386889275,1.226516343e-17,0.9836288072,0.9999580383,0.3248604238,0.007273529458,1,0
52.5,0.9985095239,-0.001490476099,1.639104335,0.6411276761,0.9979766586,112.4769292,0,63.51439148,0,0.7423034735,3.949365563e-19,-0.006386667329,3.927067002e-17,0.9836460206,0.9999580383,0.3248604238,0.00726152482,1,0
52.59999847,0.9985060672,-0.001493932821,1.639111341,0.6411211466,0.9979901943,112.5685002,0,63.51337671,0,0.7422939976,3.418092271e-19,-0.006386564663,1.490465292e-17,0.9836150175,0.9999580383,0.3248604238,0.007260812532,1,0
52.69999695,0.9985026042,-0.001497395763,1.639078387,0.6411151425,0.9979632449,112.6600086,0,63.51236097,0,0.7422849425,9.121541885e-19,-0.006386519278,6.126207119e-17,0.9835967873,0.9999580383,0.3248604238,0.007284458103,1,0
52.79999924,0.9984991753,-0.001500824712,1.639084716,0.6411101356,0.9979745808,112.7514531,0,63.51134746,0,0.7422766425,3.11006572e-19,-0.006386639919,-1.346636223e-17,0.9836325319,0.9999580383,0.3248604238,0.007271527403,1,0
52.89999771,0.9984957188,-0.001504281236,1.639073868,0.641105865,0.997968003,112.8428226,0,63.51033098,0,0.7422689921,-1.292063355e-19,-0.006386733065,4.91262815e-17,0.9836226682,0.9999580383,0.3248604238,0.007270366961,1,0
53,0.9984922606,-0.001507739416,1.639108102,0.6411027091,0.9980053932,112.9341135,0,63.50931312,0,0.7422621265,3.507414335e-19,-0.006386956402,-4.334987967e-17,0.9836110385,0.9999580383,0.3248604238,0.007264901064,1,0
53.09999847,0.9984887963,-0.001511203702,1.639049502,0.6411008499,0.9979486519,113.0253177,0,63.50829307,0,0.7422561238,8.401342609e-20,-0.006387102242,6.413393557e-18,0.9836062147,0.9999580383,0.3248604238,0.007266135947,1,0
53.19999695,0.9984852975,-0.001514702521,1.639018522,0.6411007317,0.9979177901,113.116421,0,63.50727104,0,0.742251413,-4.57759683e-19,-0.006387421164,3.34669976e-18,0.9836061522,0.9999580383,0.3248604238,0.007283567235,1,0
53.29999924,0.9984818532,-0.001518146798,1.639055674,0.6411019227,0.9979537514,113.2074193,0,63.50625289,0,0.7422475978,5.488306141e-19,-0.006387645625,-3.069939344e-17,0.9836263592,0.9999580383,0.3248604238,0.007270978106,1,0
53.39999771,0.9984784121,-0.001521587931,1.639063283,0.6411058996,0.997957383,113.298287,0,63.50523563,0,0.742245491,-1.634405493e-20,-0.006387963751,-6.266421388e-17,0.9836050288,0.9999580383,0.3248604238,0.007286106962,1,0
53.5,0.9984750056,-0.001524994431,1.639032353,0.6411110894,0.9979212639,113.3890035,0,63.50422252,0,0.7422439853,-1.420020958e-19,-0.006388265489,9.709179999e-17,0.9836303146,0.9999580383,0.3248604238,0.007255104442,1,0
53.59999847,0.998471541,-0.001528459008,1.639010402,0.6411183503,0.997892052,113.4795294,0,63.50320695,0,0.7422436633,-2.29959519e-19,-0.006388467555,9.105735539e-17,0.9836046549,0.9999580383,0.3248604238,0.007280493523,1,0
53.69999695,0.998468042,-0.001531958043,1.639061284,0.6411275532,0.9979337306,113.5698353,0,63.50218916,0,0.7422442168,6.149994797e-20,-0.006388671132,1.888886295e-17,0.9836309669,0.9999580383,0.3248604238,0.007275715189,1,0
53.79999924,0.9984646359,-0.001535364104,1.639034994,0.6411388352,0.997896159,113.6599006,0,63.50117736,0,0.7422458128,2.882788541e-19,-0.006388634057,-1.543800978e-16,0.9836375074,0.9999580383,0.3248604238,0.007270693933,1,0
53.89999771,0.998461206,-0.001538793968,1.639030101,0.6411530048,0.997877096,113.7496761,0,63.50016252,0,0.7422488001,-4.575735674e-19,-0.006388561558,9.311543928e-18,0.9836261052,0.9999580383,0.3248604238,0.007269439921,1,0
54,0.9984577618,-0.001542238247,1.639047473,0.641170299,0.997877174,113.839127,0,63.49914578,0,0.7422533972,-5.081821316e-19,-0.006388265627,-5.151136674e-17,0.9836254064,0.9999580383,0.3248604238,0.007270658842,1,0
54.09999847,0.9984543165,-0.001545683495,1.639019052,0.6411903271,0.9978287249,113.9282188,0,63.4981277,0,0.742259174,1.54918521e-19,-0.006387891433,-1.068070084e-16,0.983635262,0.9999580383,0.3248604238,0.007292949699,1,0
54.19999695,0.9984509355,-0.001549064526,1.639039833,0.6412139026,0.9978259302,114.0169244,0,63.49711263,0,0.7422666872,-4.586956379e-19,-0.006387426501,4.604930595e-17,0.9836572941,0.9999580383,0.3248604238,0.007275320889,1,0
54.29999924,0.9984475359,-0.00155246412,1.638998052,0.6412410881,0.9977569637,114.1051979,0,63.49609667,0,0.7422758037,-6.63956371e-19,-0.006386897038,4.065653188e-17,0.9836205297,0.9999580383,0.3248604238,0.007267871371,1,0
54.39999771,0.9984440279,-0.001555972074,1.638959834,0.6412724606,0.9976873733,114.1929898,0,63.49507467,0,0.7422868574,-1.808216819e-19,-0.006386257492,-5.996599286e-17,0.9836496135,0.9999580383,0.3248604238,0.007259390582,1,0
54.5,0.998440578,-0.001559422027,1.638965477,0.6413079603,0.9976575168,114.2802761,0,63.49405767,0,0.7422996622,-9.934087605e-20,-0.006385558904,-5.57544934e-17,0.9836454578,0.9999580383,0.3248604238,0.00727141625,1,0
54.59999847,0.9984372178,-0.001562782177,1.638932652,0.6413482758,0.9975843767,114.3670088,0,63.4930477,0,0.7423146595,-4.26255889e-19,-0.006384738972,5.313647244e-17,0.9836374754,0.9999580383,0.3248604238,0.007256572681,1,0
54.69999695,0.9984337459,-0.001566254068,1.638905105,0.6413940345,0.9975110706,114.4531021,0,63.49203126,0,0.7423320829,5.71456899e-19,-0.006383910079,-7.805926993e-17,0.983584828,0.9999580383,0.3248604238,0.007288755474,1,0
54.79999924,0.9984302603,-0.001569739727,1.638846196,0.6414454079,0.9974007883,114.5384905,0,63.4910138,0,0.7423519213,-8.893647423e-19,-0.006383044089,-2.538121819e-18,0.9836361811,0.9999580383,0.3248604238,0.007269173986,1,0
54.89999771,0.9984268752,-0.001573124845,1.638835176,0.6415032283,0.9973319477,114.623097,0,63.49000165,0,0.7423746659,-7.391644595e-20,-0.006382103095,1.83105662e-17,0.9836496762,0.9999580383,0.3248604238,0.00728875157,1,0
55,0.9984234648,-0.001576535173,1.638808562,0.6415677902,0.997240772,114.7068014,0,63.48898677,0,0.7424002734,3.492952116e-19,-0.006381203524,-8.239597098e-17,0.9836438193,0.9999580383,0.3248604238,0.00725781127,1,0
55.09999847,0.9984200527,-0.001579947274,1.638780012,0.6416394262,0.9971405857,114.7894851,0,63.48797043,0,0.742428881,4.53612613e-19,-0.006380267127,-6.474124206e-17,0.9836263921,0.9999580383,0.3248604238,0.007259675309,1,0
55.19999695,0.9984166234,-0.00158337663,1.638776466,0.6417192436,0.9970572219,114.8710138,0,63.48695242,0,0.742461067,-7.776883286e-20,-0.006379399588,6.386817102e-17,0.9836351009,0.9999580383,0.3248604238,0.007253837836,1,0
55.29999924,0.998413225,-0.001586775033,1.638704364,0.6418071187,0.9968972455,114.9512505,0,63.48593704,0,0.7424965747,1.165232785e-19,-0.00637854655,-2.563866285e-17,0.9836043481,0.9999580383,0.3248604238,0.007280009215,1,0
55.39999771,0.9984098022,-0.001590197842,1.638686354,0.6419042124,0.996782142,115.0300383,0,63.48492188,0,0.7425360791,2.131346654e-19,-0.00637779387,6.093013488e-17,0.983640682,0.9999580383,0.3248604238,0.007264489148,1,0
55.5,0.998406406,-0.00159359404,1.638624812,0.6420112947,0.9966135173,115.1072297,0,63.48390936,0,0.7425800466,-4.254950897e-19,-0.006377104268,4.387870177e-17,0.9836011117,0.9999580383,0.3248604238,0.007269744435,1,0
55.59999847,0.9984029336,-0.00159706642,1.63855867,0.6421287509,0.9964299192,115.1826558,0,63.48289373,0,0.7426284899,-9.357728834e-20,-0.006376413578,-2.742236907e-17,0.9836030992,0.9999580383,0.3248604238,0.007286351759,1,0
55.69999695,0.9983995169,-0.001600483131,1.638504333,0.6422579108,0.9962464225,115.2561735,0,63.48188198,0,0.742682288,-2.019975056e-19,-0.006375725413,-1.792576281e-17,0.9836193385,0.9999580383,0.3248604238,0.007273979138,1,0
55.79999924,0.9983961328,-0.001603867186,1.638479505,0.6423998996,0.9960796057,115.3276176,0,63.48087143,0,0.7427420767,3.192056897e-19,-0.006375092513,-5.990738334e-17,0.9836454073,0.9999580383,0.3248604238,0.007292865558,1,0
55.89999771,0.9983927137,-0.001607286252,1.638361923,0.6425555502,0.9958063727,115.3968084,0,63.47985714,0,0.7428081865,-3.226353873e-19,-0.006374621399,1.337669268e-16,0.983650152,0.9999580383,0.3248604238,0.007254167916,1,0
56,0.99838938,-0.001610619993,1.638295783,0.6427256441,0.9955701393,115.4635765,0,63.47884613,0,0.7428810632,-3.750891847e-19,-0.006374110543,2.555850347e-17,0.9836184071,0.9999580383,0.3248604238,0.007263624045,1,0
56.09999847,0.9983859681,-0.001614031878,1.638202208,0.6429109852,0.9952912226,115.5276957,0,63.47782906,0,0.7429609497,-5.429100689e-19,-0.006373580308,-1.102275014e-17,0.9836269608,0.9999580383,0.3248604238,0.007277210827,1,0
56.19999695,0.9983825329,-0.001617467073,1.638126562,0.6431126161,0.995013946,115.5889382,0,63.47680922,0,0.7430483644,-1.666007928e-19,-0.006373144236,3.22630387e-17,0.9836275953,0.9999580383,0.3248604238,0.007288001377,1,0
56.29999924,0.998379083,-0.001620916997,1.638032891,0.6433317778,0.9947011129,115.6470398,0,63.47578849,0,0.7431439276,-3.568655686e-19,-0.00637266413,-3.588917279e-17,0.9836547097,0.9999580383,0.3248604238,0.007268305141,1,0
56.39999771,0.9983756699,-0.001624330132,1.637912252,0.6435697293,0.9943425225,115.7017095,0,63.47477115,0,0.7432482162,-5.405128995e-20,-0.006372300178,-4.710047554e-17,0.9836371351,0.9999580383,0.3248604238,0.007262012386,1,0
56.5,0.9983723521,-0.001627647864,1.637820077,0.6438272084,0.9939928685,115.7526213,0,63.4737611,0,0.743361516,-1.286580181e-19,-0.006371921681,2.958181091e-17,0.9836189079,0.9999580383,0.3248604238,0.007289668244,1,0
56.59999847,0.9983689576,-0.001631042427,1.637685253,0.6441053441,0.9935799091,115.7993889,0,63.47274727,0,0.7434843234,5.545087954e-19,-0.006371516438,-4.83912851e-17,0.9836317811,0.9999580383,0.3248604238,0.007262836001,1,0
56.69999695,0.9983655037,-0.001634496337,1.637548619,0.6444053565,0.9931432627,115.8416232,0,63.47172998,0,0.7436172873,3.299780628e-19,-0.006371137615,1.225761221e-16,0.9835986644,0.9999580383,0.3248604238,0.007274436054,1,0
56.79999924,0.9983620412,-0.001637958768,1.637398233,0.6447284495,0.9926697836,115.8789157,0,63.47071102,0,0.7437610056,2.783073986e-19,-0.006370769006,-1.154788539e-17,0.9835993289,0.9999580383,0.3248604238,0.007281991904,1,0
56.89999771,0.9983586579,-0.001641342108,1.637255232,0.6450760287,0.9921792038,115.9108538,0,63.46969477,0,0.7439163362,-2.346272992e-19,-0.006370361218,2.859119967e-17,0.9836106067,0.9999580383,0.3248604238,0.007283135505,1,0
57,0.9983552718,-0.001644728177,1.637085016,0.6454495676,0.9916354486,115.9369966,0,63.4686767,0,0.7440840869,9.646414867e-20,-0.006369959316,-6.523574547e-17,0.9836273729,0.9999580383,0.3248604238,0.007275662492,1,0
57.09999847,0.9983518183,-0.00164818169,1.636910361,0.6458501238,0.9910602375,115.9569028,0,63.46765186,0,0.7442648809,9.962521939e-20,-0.006369609239,6.701508164e-19,0.9836168502,0.9999580383,0.3248604238,0.007262351065,1,0
57.19999695,0.9983484259,-0.001651574135,1.63671199,0.6462792144,0.9904327756,115.9701552,0,63.46663007,0,0.7444596504,-1.296357456e-20,-0.006369205032,-7.901438819e-17,0.9836334445,0.9999580383,0.3248604238,0.007266128653,1,0
57.29999924,0.9983450014,-0.001654998567,1.636465765,0.6467383831,0.9897273824,115.9763093,0,63.46560692,0,0.7446692637,-2.56078574e-20,-0.006368703086,1.645386419e-17,0.9836219927,0.9999580383,0.3248604238,0.007281629681,1,0
57.39999771,0.9983415788,-0.001658421219,1.636272807,0.6472288349,0.9890439716,115.9749199,0,63.46458524,0,0.7448944152,-2.180911316e-19,-0.006368359342,1.215479357e-16,0.9836267934,0.9999580383,0.3248604238,0.00726520756,1,0
57.5,0.9983382013,-0.001661798673,1.636021042,0.64775191,0.988269132,115.9655038,0,63.46356874,0,0.7451359613,-3.661316458e-19,-0.006368167922,4.473283937e-17,0.9835966473,0.9999580383,0.3248604238,0.007306068887,1,0
57.59999847,0.9983348638,-0.001665136215,1.635718485,0.6483092056,0.9874092791,115.9475411,0,63.46255743,0,0.7453945862,-4.91810573e-20,-0.006368148227,-3.324551161e-17,0.9836352413,0.9999580383,0.3248604238,0.007263421604,1,0
57.69999695,0.9983315046,-0.001668495387,1.635461506,0.6489018577,0.9865596483,115.9204725,0,63.46154749,0,0.7456707016,-1.655147047e-19,-0.006367909561,6.665659687e-17,0.9836243184,0.9999580383,0.3248604238,0.007262020511,1,0
57.79999924,0.9983281625,-0.001671837462,1.635128103,0.6495304515,0.9855976515,115.8836988,0,63.46053975,0,0.7459644448,-4.482930145e-19,-0.006367825001,-1.579595523e-17,0.9836399744,0.9999580383,0.3248604238,0.007270921112,1,0
57.89999771,0.9983247518,-0.001675248246,1.634823441,0.6501969096,0.9846265315,115.8365312,0,63.45952832,0,0.7462767561,1.96943432e-20,-0.006367814445,-7.925180412e-17,0.9836583013,0.9999580383,0.3248604238,0.007267040406,1,0
58,0.9983214057,-0.001678594291,1.634455606,0.6509018333,0.9835537722,115.7782504,0,63.45852136,0,0.746607725,-2.882029603e-19,-0.006367889341,-2.144049511e-17,0.9836193626,0.9999580383,0.3248604238,0.007259447017,1,0
58.09999847,0.9983180424,-0.00168195761,1.634065513,0.6516466242,0.9824188888,115.7080363,0,63.45751392,0,0.7469579335,-3.265328555e-19,-0.006368275797,1.710661185e-17,0.9835982698,0.9999580383,0.3248604238,0.007273876405,1,0
58.19999695,0.9983146706,-0.001685329376,1.63365864,0.6524324644,0.9812261759,115.6250388,0,63.4565075,0,0.7473278204,-1.852884572e-19,-0.006368551808,-8.71010959e-17,0.9836229815,0.9999580383,0.3248604238,0.007276671617,1,0
58.29999924,0.9983113407,-0.001688659273,1.633236465,0.6532599133,0.9799765512,115.5284016,0,63.45550712,0,0.7477174217,5.196547131e-19,-0.006368876345,5.410580115e-19,0.9836207973,0.9999580383,0.3248604238,0.007295091464,1,0
58.39999771,0.9983079611,-0.001692038937,1.632726307,0.6541299279,0.9785963793,115.4172353,0,63.45450831,0,0.7481271744,-1.528898606e-19,-0.006369429293,5.60620773e-17,0.9836560987,0.9999580383,0.3248604238,0.007270513144,1,0
58.5,0.9983046605,-0.001695339528,1.6323117,0.6550436623,0.9772680375,115.2906897,0,63.45352017,0,0.7485575895,3.952996886e-19,-0.006369912514,-8.905734413e-17,0.9836077835,0.9999580383,0.3248604238,0.007274141768,1,0
58.59999847,0.9983013037,-0.001698696292,1.631730425,0.6560013628,0.9757290621,115.1479087,0,63.45253228,0,0.7490088671,-8.13681025e-20,-0.0063705468,8.43910175e-18,0.9835789233,0.9999580383,0.3248604238,0.007292187659,1,0
58.69999695,0.9982979685,-0.001702031452,1.631230115,0.6570034813,0.9742266341,114.9880526,0,63.45154917,0,0.7494813891,-5.737324729e-21,-0.006371277615,-1.676861634e-17,0.983622399,0.9999580383,0.3248604238,0.007278971924,1,0
58.79999924,0.9982946103,-0.001705389666,1.630644977,0.6580505125,0.9725944644,114.8102943,0,63.45056534,0,0.7499754583,3.611214128e-19,-0.006372219488,2.521298475e-17,0.9836528073,0.9999580383,0.3248604238,0.007278015406,1,0
58.89999771,0.9982913493,-0.001708650714,1.630067638,0.6591433484,0.9709242893,114.6138563,0,63.44958584,0,0.7504918536,4.410874442e-19,-0.006373219107,-4.814283272e-17,0.9836447773,0.9999580383,0.3248604238,0.00725297428,1,0
59,0.9982880102,-0.001711989767,1.629413214,0.6602807289,0.9691324853,114.3979451,0,63.44859695,0,0.7510295352,-2.305017359e-19,-0.006374161987,-4.404994429e-18,0.9836149727,0.9999580383,0.3248604238,0.007276257948,1,0
59.09999847,0.9982846538,-0.001715346185,1.628752058,0.6614638582,0.9672881995,114.1618144,0,63.44760181,0,0.7515895101,-8.809142651e-20,-0.006375385148,-6.730238277e-17,0.9836145213,0.9999580383,0.3248604238,0.007276422085,1,0
59.19999695,0.9982812392,-0.001718760836,1.628056083,0.6626910938,0.9653649895,113.9046695,0,63.44659651,0,0.7521707952,-1.652777174e-19,-0.006376545915,2.922407515e-17,0.9836048022,0.9999580383,0.3248604238,0.007302547519,1,0
59.29999924,0.9982779636,-0.001722036364,1.627305306,0.6639626452,0.9633426606,113.6257473,0,63.44559447,0,0.7527737624,1.482721248e-21,-0.006377818379,-1.258480235e-17,0.9836374981,0.9999580383,0.3248604238,0.007270605036,1,0
59.39999771,0.9982746591,-0.00172534091,1.626598865,0.6652776673,0.9613211972,113.3242125,0,63.44458472,0,0.7533981319,-7.729175644e-21,-0.006379151596,4.983306835e-17,0.9836141721,0.9999580383,0.3248604238,0.007270564431,1,0
59.5,0.9982713541,-0.001728645889,1.625789764,0.6666360222,0.9591537418,112.999199,0,63.4435684,0,0.7540441479,-1.29804904e-19,-0.006380614071,7.122071479e-17,0.9836151032,0.9999580383,0.3248604238,0.007298461643,1,0
59.59999847,0.998268112,-0.001731888021,1.624961249,0.6680361279,0.9569251207,112.6498245,0,63.44254801,0,0.7547109055,-6.013933926e-20,-0.006382010735,4.344359939e-17,0.9836354114,0.9999580383,0.3248604238,0.007274870968,1,0
59.69999695,0.998264861,-0.001735139018,1.624227502,0.6694778777,0.954749624,112.2752227,0,63.44151749,0,0.7553989072,1.965128845e-19,-0.00638327985,7.552974055e-17,0.9836368205,0.9999580383,0.3248604238,0.007253356594,1,0
59.79999924,0.9982616276,-0.001738372354,1.623197102,0.670959449,0.9522376527,111.8745776,0,63.44047693,0,0.7561071571,5.30208297e-20,-0.006384419293,6.581463867e-17,0.9835895435,0.9999580383,0.3248604238,0.007290614739,1,0
59.89999771,0.9982582883,-0.001741711728,1.622488829,0.6724804224,0.9500084065,111.4470472,0,63.43941612,0,0.7568358777,2.191697751e-19,-0.006385759316,2.967553047e-18,0.9836462047,0.9999580383,0.3248604238,0.007277313603,1,0
60,0.9982550428,-0.001744957174,1.621622683,0.6740395624,0.947583121,110.9918569,0,63.43834691,0,0.7575850125,-2.238284563e-19,-0.006387101864,2.38051281e-17,0.9836329493,0.9999580383,0.3248604238,0.007256657812,1,0
60.09999847,0.998251773,-0.001748226952,1.620640294,0.675635378,0.9450049158,110.5082557,0,63.43726444,0,0.758354293,5.336307568e-20,-0.006388315481,9.552847174e-17,0.9835910372,0.9999580383,0.3248604238,0.007278067948,1,0
60.19999695,0.998248553,-0.001751447002,1.61966309,0.6772669171,0.9423961731,109.9955963,0,63.43617642,0,0.7591435533,1.735755797e-20,-0.006389719128,9.190385894e-17,0.9836192138,0.9999580383,0.3248604238,0.007275646235,1,0
60.29999924,0.9982452492,-0.001754750843,1.618737993,0.6789337051,0.9398042878,109.4531973,0,63.43507929,0,0.7599531708,-4.192109985e-20,-0.006391512754,-6.763348662e-17,0.9836189996,0.9999580383,0.3248604238,0.00728328123,1,0
60.39999771,0.9982420578,-0.001757942206,1.617774025,0.68063207,0.9371419553,108.8805536,0,63.43399108,0,0.7607810688,1.298342689e-20,-0.006393079691,3.2939799e-17,0.9836229013,0.9999580383,0.3248604238,0.007267902505,1,0
60.5,0.9982388547,-0.001761145346,1.616821943,0.6823603717,0.9344615715,108.277137,0,63.43290975,0,0.7616266322,-1.957771074e-20,-0.006394595767,-1.496178918e-17,0.9836248295,0.9999580383,0.3248604238,0.00729330642,1,0
60.59999847,0.9982356303,-0.001764369704,1.615725777,0.6841163894,0.9316093874,107.6424749,0,63.431839,0,0.7624887822,4.001899804e-20,-0.006395829395,-1.104002407e-16,0.9836531948,0.9999580383,0.3248604238,0.007267446585,1,0
60.69999695,0.9982324269,-0.001767573083,1.61455943,0.6858988888,0.9286605413,106.9760991,0,63.43078488,0,0.7633671478,5.734305519e-19,-0.006397540304,5.150091882e-17,0.9835867973,0.9999580383,0.3248604238,0.007288881095,1,0
60.79999924,0.9982292276,-0.001770772393,1.613748823,0.6877030475,0.9260457758,106.2774523,0,63.42974831,0,0.7642586667,-7.030414821e-20,-0.006398647714,8.122853438e-17,0.9836278914,0.9999580383,0.3248604238,0.007280774285,1,0
60.89999771,0.9982261007,-0.001773899343,1.612529626,0.6895263793,0.9230032471,105.5461045,0,63.42873414,0,0.7651621025,-2.243975566e-20,-0.006399289835,-9.840544521e-17,0.9836167767,0.9999580383,0.3248604238,0.007288054802,1,0
61,0.9982229424,-0.001777057563,1.611673162,0.6913665478,0.9203066144,104.7815768,0,63.42773789,0,0.7660757222,1.630538423e-20,-0.006400205511,4.342485051e-17,0.9836196986,0.9999580383,0.3248604238,0.007268940364,1,0
61.09999847,0.9982197656,-0.001780234432,1.610430447,0.6932198694,0.9172105777,103.9834029,0,63.42676165,0,0.766997796,1.524526956e-19,-0.006400521418,3.147285456e-17,0.9836080439,0.9999580383,0.3248604238,0.007277773216,1,0
61.19999695,0.9982166505,-0.001783349476,1.609461524,0.6950825533,0.9143789703,103.1512058,0,63.42581256,0,0.7679255917,2.227696651e-19,-0.006401096553,-1.466427436e-16,0.9836232065,0.9999580383,0.3248604238,0.007271961305,1,0
61.29999924,0.9982135318,-0.001786468244,1.608385699,0.6969517085,0.9114339907,102.2846016,0,63.42488868,0,0.7688576371,-8.046399409e-21,-0.006401806451,1.289902221e-17,0.9836367382,0.9999580383,0.3248604238,0.007261063972,1,0
61.39999771,0.9982104063,-0.001789593689,1.607309202,0.6988234093,0.9084857925,101.3833519,0,63.42399104,0,0.7697919345,1.942881823e-20,-0.006402294078,-2.687925241e-17,0.983602246,0.9999580383,0.3248604238,0.007266687087,1,0
61.5,0.998207242,-0.001792758035,1.605955105,0.700695967,0.9052591382,100.4474091,0,63.423117,0,0.7707277748,-6.140988868e-20,-0.006403757408,2.843054921e-19,0.983600846,0.9999580383,0.3248604238,0.007281470002,1,0
61.59999847,0.9982041081,-0.001795891856,1.605139427,0.7025616652,0.9025777619,99.47690237,0,63.4222669,0,0.7716600564,-1.482307658e-20,-0.006403587575,7.671279866e-17,0.9836188838,0.9999580383,0.3248604238,0.00726526103,1,0
61.69999695,0.9982009754,-0.001799024588,1.604120109,0.7044179116,0.8997021974,98.47203527,0,63.42143282,0,0.7725878271,1.778769189e-20,-0.0064036588,7.323768594e-17,0.9836144995,0.9999580383,0.3248604238,0.007298071173,1,0
61.79999924,0.9981978461,-0.001802153923,1.602780414,0.7062601334,0.8965202801,97.43323233,0,63.42060469,0,0.7735092771,-3.663417497e-20,-0.006403447897,7.85021781e-18,0.9836137207,0.9999580383,0.3248604238,0.007275976215,1,0
61.89999771,0.9981947353,-0.001805264742,1.601918855,0.7080837025,0.8938351521,96.36111658,0,63.41977348,0,0.7744208807,5.251604273e-20,-0.006402145513,-4.513801353e-18,0.9836245871,0.9999580383,0.3248604238,0.007273559555,1,0
62,0.9981916405,-0.001808359523,1.600811369,0.7098842415,0.8909271278,95.25630523,0,63.41892762,0,0.775321425,-1.418780187e-20,-0.006401234646,5.983873355e-17,0.9836242399,0.9999580383,0.3248604238,0.00727710978,1,0
62.09999847,0.9981885428,-0.001811457186,1.599862706,0.7116559976,0.8882067086,94.11940201,0,63.41805566,0,0.7762083676,1.592471572e-19,-0.006400474677,6.497206961e-18,0.9836166363,0.9999580383,0.3248604238,0.007271088893,1,0
62.19999695,0.9981855298,-0.001814470191,1.598915747,0.7133959732,0.8855197734,92.95129194,0,63.41715598,0,0.7770809725,-4.288207693e-20,-0.006400193534,-3.279306708e-17,0.9836224833,0.9999580383,0.3248604238,0.007273857897,1,0
62.29999924,0.9981824529,-0.001817547085,1.598117622,0.7150965263,0.8830210961,91.75279348,0,63.41621424,0,0.7779357881,-2.138758192e-20,-0.006398141376,2.202490886e-17,0.9836363147,0.9999580383,0.3248604238,0.007264880902,1,0
62.39999771,0.9981794628,-0.001820537203,1.597193689,0.7167559927,0.8804376967,90.52485641,0,63.41523872,0,0.7787738255,8.15600084e-21,-0.006396824676,3.90069591e-17,0.9836156607,0.9999580383,0.3248604238,0.007284323636,1,0
62.5,0.9981764252,-0.001823574849,1.596302526,0.7183675511,0.8779349754,89.26847099,0,63.41421759,0,0.7795921716,-3.186961464e-19,-0.006395217773,-4.083548899e-17,0.9836178575,0.9999580383,0.3248604238,0.007276018596,1,0
62.59999847,0.9981733816,-0.001826618418,1.595135587,0.7199267054,0.8752088816,87.98485449,0,63.41315267,0,0.7803904874,5.285485591e-19,-0.006392347802,4.355918713e-17,0.9836372785,0.9999580383,0.3248604238,0.007258330497,1,0
62.69999695,0.9981703816,-0.001829618437,1.595067068,0.7214286257,0.8736384425,86.67547996,0,63.41204366,0,0.7811670935,-9.677351422e-20,-0.006389430635,-3.832027098e-17,0.9836348974,0.9999580383,0.3248604238,0.007258449981,1,0
62.79999924,0.9981673146,-0.001832685416,1.594261323,0.7228700827,0.8713912403,85.34170367,0,63.41087592,0,0.7819231665,3.120257619e-19,-0.006387943568,3.487545498e-17,0.9836117079,0.9999580383,0.3248604238,0.007277950433,1,0
62.89999771,0.9981642779,-0.001835722123,1.594014572,0.7242476702,0.8697669015,83.98510853,0,63.40964927,0,0.7826580483,-3.04931861e-20,-0.006386553745,-1.569737402e-17,0.9836086104,0.9999580383,0.3248604238,0.007281013544,1,0
63,0.9981613215,-0.001838678543,1.593250066,0.7255577962,0.8676922702,82.60755349,0,63.40835954,0,0.7833714261,3.964114193e-19,-0.006385534347,-4.779576055e-17,0.9836601589,0.9999580383,0.3248604238,0.00726479961,1,0
63.09999847,0.9981582542,-0.001841745804,1.59311578,0.7267958264,0.8663199534,81.21098233,0,63.40698726,0,0.7840610068,8.936197594e-20,-0.006384404435,1.022269224e-16,0.9836322711,0.9999580383,0.3248604238,0.007255566686,1,0
63.19999695,0.9981553258,-0.00184467417,1.592450733,0.7279588817,0.8644918512,79.79747448,0,63.40554725,0,0.7847259474,3.388131789e-21,-0.006384300558,5.711995797e-17,0.9836399282,0.9999580383,0.3248604238,0.007272879834,1,0
63.29999924,0.9981523082,-0.00184769182,1.592686449,0.729045506,0.8636409426,78.36912779,0,63.40403205,0,0.7853663533,6.204516339e-20,-0.00638626716,5.071975386e-18,0.9836386314,0.9999580383,0.3248604238,0.007275617669,1,0
63.39999771,0.9981493164,-0.001850683614,1.592296801,0.7300521114,0.8622446898,76.9280199,0,63.40246314,0,0.7859787313,6.776263578e-20,-0.006388399051,2.176575152e-17,0.98363091,0.9999580383,0.3248604238,0.007280147378,1,0
63.5,0.9981463478,-0.001853652214,1.592356605,0.7309731317,0.8613834734,75.47639252,0,63.40086568,0,0.7865595026,4.616329563e-20,-0.006390926698,-3.065600916e-17,0.9836056048,0.9999580383,0.3248604238,0.007271072497,1,0
63.59999847,0.9981433829,-0.001856617129,1.592359332,0.7318067724,0.8605525593,74.01645935,0,63.39927195,0,0.7871052382,-3.184843882e-19,-0.006392738244,4.371116957e-17,0.9836143379,0.9999580383,0.3248604238,0.00727407367,1,0
63.69999695,0.9981403505,-0.001859649548,1.59254031,0.7325497528,0.8599905575,72.55025455,0,63.39771811,0,0.7876125842,-5.082197684e-21,-0.006395426265,4.837067507e-17,0.9836265287,0.9999580383,0.3248604238,0.007272395693,1,0
63.79999924,0.9981373943,-0.001862605703,1.592973738,0.7331989502,0.8597747876,71.07968286,0,63.39625919,0,0.788077281,1.016439537e-19,-0.006398419126,6.820437091e-17,0.9836349938,0.9999580383,0.3248604238,0.007260118482,1,0
63.89999771,0.9981343839,-0.00186561607,1.592993886,0.7337509221,0.8592429636,69.60661742,0,63.3949306,0,0.7884950495,-2.117582368e-19,-0.006402633009,-1.354568637e-17,0.9836002063,0.9999580383,0.3248604238,0.007290495435,1,0
64,0.9981313799,-0.001868620128,1.593358893,0.7342030175,0.8591558758,68.13285534,0,63.39377586,0,0.7888614096,-1.986292261e-19,-0.006405528264,-1.53831523e-17,0.9836281149,0.9999580383,0.3248604238,0.007268606165,1,0
64.09999847,0.9981283666,-0.001871633427,1.594218476,0.7345516439,0.8596668324,66.66020261,0,63.3928278,0,0.7891710738,-2.733865012e-19,-0.006409019919,7.503052588e-18,0.9836013847,0.9999580383,0.3248604238,0.007285196258,1,0
64.19999695,0.9981253417,-0.001874658301,1.59437656,0.7347939828,0.8595825771,65.19056594,0,63.39210568,0,0.7894202709,2.795208726e-20,-0.006412603996,-5.708908924e-17,0.9836649793,0.9999580383,0.3248604238,0.00725150628,1,0
64.29999542,0.9981223521,-0.001877647857,1.595229397,0.7349305265,0.8602988701,63.72583994,0,63.39161941,0,0.7896067644,-4.675621869e-19,-0.006416943743,2.384239259e-17,0.983615117,0.9999580383,0.3248604238,0.007284998481,1,0
64.40000153,0.9981193577,-0.001880642256,1.595935629,0.7349547286,0.8609809008,62.26823022,0,63.3913572,0,0.7897244538,4.116580124e-19,-0.006418920685,1.341593896e-17,0.9836135308,0.9999580383,0.3248604238,0.007273026881,1,0
64.5,0.998116392,-0.001883607977,1.596907154,0.7348698922,0.8620372618,60.81993733,0,63.39129477,0,0.7897730574,-4.190695507e-19,-0.006422102331,-9.45169407e-18,0.9835989933,0.9999580383,0.3248604238,0.007293202694,1,0
64.59999847,0.9981133986,-0.00188660143,1.597728722,0.7346729391,0.8630557832,59.38333711,0,63.39138936,0,0.7897481086,1.168905467e-19,-0.00642370259,-3.895465027e-17,0.9836418067,0.9999580383,0.3248604238,0.007262076726,1,0
64.69999695,0.998110452,-0.001889547995,1.598631569,0.7343643164,0.8642672527,57.9609172,0,63.39159627,0,0.7896479027,2.126052698e-19,-0.006424585167,7.094541833e-17,0.9836145136,0.9999580383,0.3248604238,0.007295120733,1,0
64.79999542,0.9981074358,-0.001892564166,1.599643827,0.7339438964,0.8656999309,56.55522885,0,63.39184847,0,0.7894714794,-1.355252716e-20,-0.006425080879,-1.047923685e-18,0.9836306986,0.9999580383,0.3248604238,0.00726628669,1,0
64.90000153,0.9981044691,-0.001895530908,1.600592663,0.7334152283,0.8671774349,55.16855252,0,63.39209264,0,0.789220528,-1.027027449e-18,-0.006426295736,-4.068239689e-18,0.9835981412,0.9999580383,0.3248604238,0.007272889398,1,0
65,0.9981014554,-0.001898544586,1.601513274,0.7327790537,0.8687342205,53.80326219,0,63.39226048,0,0.7888937044,-4.442687808e-19,-0.0064260324,-6.722501801e-18,0.9836048922,0.9999580383,0.3248604238,0.007273198576,1,0
65.09999847,0.9980985016,-0.001901498445,1.60240712,0.7320368622,0.8703702575,52.46160306,0,63.39230217,0,0.7884908049,3.811648263e-20,-0.006425281319,-8.307139476e-17,0.983604866,0.9999580383,0.3248604238,0.007282220411,1,0
65.19999695,0.9980954352,-0.001904564839,1.603693275,0.7311945518,0.8724987235,51.1455318,0,63.39215829,0,0.7880155565,-4.537979015e-19,-0.00642396702,-2.210987107e-17,0.9836183795,0.9999580383,0.3248604238,0.007278072553,1,0
65.29999542,0.9980924501,-0.001907549915,1.604995218,0.730253754,0.8747414643,49.8567168,0,63.39180838,0,0.7874707443,-4.227753198e-19,-0.006422367598,-2.061753136e-17,0.9836447589,0.9999580383,0.3248604238,0.007272532957,1,0
65.40000153,0.9980894601,-0.001910539884,1.606126698,0.7292201915,0.8769065062,48.59661485,0,63.39122385,0,0.7868594597,1.612538973e-19,-0.006419886219,-7.854017712e-17,0.9836543581,0.9999580383,0.3248604238,0.007266423725,1,0
65.5,0.9980864406,-0.001913559359,1.607388921,0.7280963882,0.8792925326,47.36644266,0,63.39039147,0,0.7861855278,-1.837002704e-19,-0.006416358277,3.542986617e-18,0.983611825,0.9999580383,0.3248604238,0.007277263525,1,0
65.59999847,0.9980834189,-0.001916581102,1.608417565,0.7268913218,0.8815262427,46.16693255,0,63.38931204,0,0.7854564934,-4.30080979e-19,-0.006413193585,4.581161648e-17,0.9836303457,0.9999580383,0.3248604238,0.007268908075,1,0
65.69999695,0.9980803759,-0.001919624062,1.609818155,0.72560736,0.8842107953,44.99865204,0,63.38799567,0,0.7846756049,-7.403001785e-19,-0.006409949696,6.303596942e-17,0.9836306694,0.9999580383,0.3248604238,0.007259176854,1,0
65.79999542,0.9980774063,-0.001922593696,1.610669951,0.7242501927,0.8864197582,43.86190648,0,63.38647098,0,0.7838502312,-9.109839348e-19,-0.006407392959,4.514672374e-18,0.983602871,0.9999580383,0.3248604238,0.007288167776,1,0
65.90000153,0.9980743376,-0.001925662381,1.611737585,0.7228263493,0.8889112356,42.7569681,0,63.38475585,0,0.7829851961,-4.235164736e-20,-0.006403577705,3.193477993e-17,0.9836246654,0.9999580383,0.3248604238,0.007272876668,1,0
66,0.9980713088,-0.001928691179,1.613119734,0.7213428833,0.8917768511,41.6838496,0,63.38289296,0,0.7820886346,2.583450489e-19,-0.006401085095,6.985393035e-17,0.9836111918,0.9999580383,0.3248604238,0.007289907489,1,0
66.09999847,0.9980682106,-0.001931789385,1.614266457,0.7198034337,0.8944630238,40.64253225,0,63.38091321,0,0.7811642072,-5.090668013e-19,-0.006398137333,-3.98854977e-17,0.983637142,0.9999580383,0.3248604238,0.007260850072,1,0
66.19999695,0.9980651846,-0.001934815433,1.615288743,0.7182141474,0.8970745958,39.63300606,0,63.37886466,0,0.7802187963,1.557270074e-18,-0.006396203824,-1.475084717e-18,0.9836057126,0.9999580383,0.3248604238,0.007273778135,1,0
66.29999542,0.998062156,-0.001937844019,1.616438814,0.7165813391,0.8998574746,38.65514804,0,63.37678028,0,0.7792578997,6.115577879e-19,-0.006394766614,4.566319546e-17,0.9836322177,0.9999580383,0.3248604238,0.007260800777,1,0
66.40000153,0.9980590995,-0.001940900545,1.617476843,0.7149116805,0.9025651621,37.7088121,0,63.37469522,0,0.7782857921,-3.426248272e-19,-0.006394707566,3.203336497e-17,0.9835626925,0.9999580383,0.3248604238,0.007301808925,1,0
66.5,0.9980560179,-0.001943982064,1.61835337,0.7132079414,0.9051454288,36.79388399,0,63.37264328,0,0.7773052156,3.023907622e-19,-0.006394597164,-7.468779187e-19,0.9836378745,0.9999580383,0.3248604238,0.007262682071,1,0
66.59999847,0.9980529211,-0.001947078915,1.619413195,0.7114788151,0.9079343797,35.91022097,0,63.37066021,0,0.7763211079,-4.667151539e-19,-0.006395945775,-8.091588285e-19,0.9836393601,0.9999580383,0.3248604238,0.007281356408,1,0
66.69999695,0.9980498255,-0.001950174544,1.620361346,0.7097280375,0.9106333087,35.05762832,0,63.36877086,0,0.7753358877,3.002731798e-19,-0.006397792232,5.215842939e-17,0.9836216204,0.9999580383,0.3248604238,0.007266872974,1,0
66.79999542,0.9980467268,-0.001953273215,1.621199195,0.7079601874,0.9132390078,34.23589011,0,63.36699259,0,0.774350465,-9.554531645e-19,-0.006400735776,-6.065958995e-17,0.9835826181,0.9999580383,0.3248604238,0.007284275168,1,0
66.90000153,0.9980436369,-0.001956363146,1.622078404,0.7061816151,0.9158967891,33.44471527,0,63.36533547,0,0.7733674164,-4.810088349e-19,-0.006403485899,4.980103413e-17,0.9836519272,0.9999580383,0.3248604238,0.007260514842,1,0
67,0.9980404676,-0.001959532371,1.62298619,0.704396662,0.9185895278,32.68375817,0,63.36379673,0,0.7723880147,-8.195043765e-20,-0.006407191877,5.774191838e-17,0.9836455888,0.9999580383,0.3248604238,0.007255412384,1,0
67.09999847,0.9980373189,-0.00196268106,1.623524681,0.7026119439,0.9209127374,31.95254006,0,63.36238145,0,0.7714140809,3.231430694e-19,-0.006411419975,3.061565019e-17,0.9835844156,0.9999580383,0.3248604238,0.007290973995,1,0
67.19999695,0.9980341613,-0.001965838668,1.624449447,0.7008279022,0.9236215452,31.25058997,0,63.36107975,0,0.7704449948,3.873058151e-19,-0.006414626157,7.719529063e-18,0.9836307872,0.9999580383,0.3248604238,0.007278631777,1,0
67.29999542,0.9980310043,-0.00196899567,1.625005484,0.6990493167,0.9259561678,30.57738476,0,63.35987765,0,0.7694811424,5.31076423e-19,-0.006416967797,5.66076238e-17,0.9836223427,0.9999580383,0.3248604238,0.007270654403,1,0
67.40000153,0.9980278686,-0.001972131365,1.625867014,0.6972837489,0.9285832646,29.93226809,0,63.35876128,0,0.7685252219,1.067261514e-18,-0.006419835982,-1.231463483e-17,0.9836215057,0.9999580383,0.3248604238,0.0072780265,1,0
67.5,0.9980246776,-0.001975322358,1.626454433,0.6955319092,0.9309225237,29.31454824,0,63.3577059,0,0.7675764876,-6.378158093e-19,-0.00642178666,1.032156961e-17,0.9836181475,0.9999580383,0.3248604238,0.007269039673,1,0
67.59999847,0.9980215747,-0.001978425252,1.627042706,0.6937993481,0.9332433577,28.72351949,0,63.35669738,0,0.7666369223,2.087936215e-19,-0.006423181135,3.26443611e-17,0.9835850988,0.9999580383,0.3248604238,0.007273098929,1,0
67.69999695,0.9980183775,-0.001981622476,1.627479852,0.6920865029,0.9353933489,28.1584203,0,63.35570088,0,0.7657061843,2.4140439e-19,-0.006423120477,-3.548973254e-17,0.9836079258,0.9999580383,0.3248604238,0.007278746779,1,0
67.79999542,0.998015185,-0.001984815016,1.628113957,0.6903980794,0.9377158772,27.61848986,0,63.35470023,0,0.7647862153,2.795208726e-20,-0.006422608358,-1.432103585e-17,0.9836435273,0.9999580383,0.3248604238,0.007274206736,1,0
67.90000153,0.998012081,-0.001987918983,1.628619984,0.6887358323,0.9398841514,27.10297456,0,63.35367886,0,0.763878079,1.694065895e-21,-0.006421610989,-6.314954877e-17,0.9836177732,0.9999580383,0.3248604238,0.007268855222,1,0
68,0.998008868,-0.001991132,1.629035673,0.687104086,0.9419315866,26.61108756,0,63.35259977,0,0.7629838348,1.233491729e-19,-0.00642035751,-5.112164121e-17,0.9836020572,0.9999580383,0.3248604238,0.007283447983,1,0
68.09999847,0.9980056939,-0.001994306073,1.629533922,0.6855015745,0.9440323473,26.14210391,0,63.35145513,0,0.7621025721,5.725942723e-19,-0.006418052994,-5.477523346e-17,0.9836159901,0.9999580383,0.3248604238,0.007280828549,1,0
68.19999695,0.9980025038,-0.001997496189,1.629891682,0.6839311432,0.9459605387,25.6953573,0,63.35022539,0,0.7612352723,6.755087754e-19,-0.006415106963,9.863029978e-17,0.9836325514,0.9999580383,0.3248604238,0.007276121674,1,0
68.29999542,0.9979992407,-0.002000759281,1.630323657,0.6823940803,0.9479295765,25.27018443,0,63.34889683,0,0.7603833437,1.753358201e-19,-0.006412149753,2.257198875e-18,0.9836081048,0.9999580383,0.3248604238,0.007269154314,1,0
68.40000153,0.9979960024,-0.002003997551,1.630656929,0.6808928445,0.9497640842,24.86589161,0,63.34747287,0,0.7595485982,5.45489218e-19,-0.006409203227,2.22472211e-17,0.9836551089,0.9999580383,0.3248604238,0.007256155766,1,0
68.5,0.9979927842,-0.002007215774,1.630953252,0.6794264614,0.9515267906,24.48184654,0,63.34595249,0,0.7587298674,-9.380889891e-20,-0.006405825743,1.045874097e-17,0.9836016606,0.9999580383,0.3248604238,0.007277574732,1,0
68.59999847,0.9979895908,-0.002010409204,1.631300105,0.6779968583,0.9533032469,24.11745595,0,63.3443432,0,0.7579285889,1.236668103e-19,-0.006402661571,2.105231734e-17,0.9836070182,0.9999580383,0.3248604238,0.007259224194,1,0
68.69999695,0.9979864255,-0.002013574455,1.631536005,0.6766040089,0.954931996,23.77209382,0,63.34265223,0,0.7571451246,-2.879912021e-19,-0.006399692588,5.728650582e-17,0.9835880153,0.9999580383,0.3248604238,0.007292723014,1,0
68.79999542,0.9979831521,-0.002016847895,1.631733141,0.6752493908,0.9564837497,23.44514715,0,63.34088356,0,0.7563802727,-1.431485681e-18,-0.006397155165,-3.268307729e-17,0.9836393092,0.9999580383,0.3248604238,0.007264309682,1,0
68.90000153,0.9979799743,-0.002020025715,1.632042621,0.6739314127,0.9581112087,23.13601973,0,63.33906064,0,0.7556333505,4.624799892e-19,-0.00639463047,7.209539625e-17,0.9836313428,0.9999580383,0.3248604238,0.007267002225,1,0
69,0.9979767557,-0.002023244273,1.632230653,0.6726527194,0.9595779335,22.84411147,0,63.33719172,0,0.7549062421,-4.125050453e-19,-0.006392697587,1.38277136e-17,0.9836210689,0.9999580383,0.3248604238,0.007279210187,1,0
69.09999847,0.9979735236,-0.002026476421,1.632465521,0.6714119957,0.9610535248,22.56881145,0,63.33529145,0,0.7541987599,-1.020674701e-19,-0.006390897515,-3.738194624e-20,0.983600534,0.9999580383,0.3248604238,0.007282488777,1,0
69.19999695,0.9979702506,-0.002029749446,1.632695839,0.6702104909,0.9624853484,22.30951547,0,63.33336875,0,0.7535112498,-7.589415207e-19,-0.006389890214,1.622062138e-17,0.9835963307,0.9999580383,0.3248604238,0.007283347194,1,0
69.29999542,0.9979669265,-0.002033073541,1.632872317,0.6690468799,0.9638254368,22.06564321,0,63.3314354,0,0.7528434417,-2.812149385e-19,-0.006389015,-4.391308312e-17,0.9836422569,0.9999580383,0.3248604238,0.00726607078,1,0
69.40000153,0.9979636171,-0.002036382923,1.633085048,0.6679232392,0.9651618084,21.83660898,0,63.32950818,0,0.7521970597,-2.270048299e-19,-0.006388974377,9.778008053e-17,0.9836340168,0.9999580383,0.3248604238,0.007291901767,1,0
69.5,0.9979602826,-0.002039717353,1.633257645,0.6668385872,0.9664190581,21.62179135,0,63.32759567,0,0.7515723263,5.488773498e-19,-0.006389684612,-8.589847807e-17,0.9836399054,0.9999580383,0.3248604238,0.007264628851,1,0
69.59999847,0.9979569758,-0.002043024196,1.633432502,0.6657927629,0.9676397395,21.42061839,0,63.32571134,0,0.7509692134,6.056285573e-20,-0.006390553718,3.742340123e-17,0.9836147335,0.9999580383,0.3248604238,0.007266354806,1,0
69.69999695,0.9979536803,-0.00204631967,1.63357735,0.6647850357,0.9687923142,21.232504,0,63.32386254,0,0.7503875743,-3.328839483e-19,-0.006391856863,1.847522457e-17,0.9836038983,0.9999580383,0.3248604238,0.007279679572,1,0
69.79999542,0.9979504497,-0.002049550321,1.633727021,0.6638159425,0.9699110788,21.05690015,0,63.32206101,0,0.7498279345,3.413542777e-19,-0.006393350699,-3.402981997e-17,0.983608589,0.9999580383,0.3248604238,0.007286019383,1,0
69.90000153,0.9979471758,-0.00205282421,1.633925024,0.6628841034,0.9710409202,20.89325153,0,63.3203055,0,0.7492900205,-3.134021905e-19,-0.006394812294,6.808760196e-18,0.9836646133,0.9999580383,0.3248604238,0.007268181026,1,0
70,0.9979439083,-0.002056091703,1.634087161,0.6619901054,0.9720970554,20.74101009,0,63.3186059,0,0.7487744995,5.30242625e-19,-0.006396741478,-1.408730802e-16,0.9836141457,0.9999580383,0.3248604238,0.007271311238,1,0
70.09999847,0.9979406,-0.002059400009,1.634226889,0.6611322024,0.9730946865,20.59962333,0,63.31696025,0,0.7482805358,6.049932826e-19,-0.006398292837,7.888355634e-17,0.9836145392,0.9999580383,0.3248604238,0.0072752593,1,0
70.19999695,0.9979373419,-0.002062658073,1.634336184,0.660311223,0.9740249606,20.46854886,0,63.31537901,0,0.7478083804,2.489747469e-19,-0.006400310841,9.003460612e-18,0.9836354292,0.9999580383,0.3248604238,0.007272894084,1,0
70.29999542,0.9979340378,-0.002065962194,1.63446992,0.659524924,0.9749449963,20.34726965,0,63.31385535,0,0.7473573124,1.698301059e-19,-0.006401816421,5.137516876e-17,0.9836198689,0.9999580383,0.3248604238,0.007285281544,1,0
70.40000153,0.9979307422,-0.002069257781,1.634553863,0.6587739456,0.9757799175,20.23527472,0,63.31239238,0,0.7469271502,2.844177818e-19,-0.006403440669,-5.215410324e-17,0.9836403526,0.9999580383,0.3248604238,0.007256227748,1,0
70.5,0.9979274913,-0.002072508673,1.634697979,0.6580572783,0.9766407007,20.13206339,0,63.31098908,0,0.7465177181,-9.20089539e-20,-0.006405087347,-4.70962958e-17,0.9836048007,0.9999580383,0.3248604238,0.007255785879,1,0
70.59999847,0.9979242363,-0.002075763737,1.634726852,0.6573739461,0.9773529064,20.03715238,0,63.30963987,0,0.7461279907,-1.431485681e-19,-0.006406558131,-3.015865937e-17,0.9836133146,0.9999580383,0.3248604238,0.007286678587,1,0
70.69999695,0.9979209171,-0.002079082929,1.634787607,0.6567228317,0.9780647754,19.95007608,0,63.30833605,0,0.7457576071,-5.562888881e-19,-0.006407749095,-1.77293525e-17,0.9835967012,0.9999580383,0.3248604238,0.007294025475,1,0
70.79999542,0.9979175425,-0.002082457466,1.634915921,0.6561026139,0.9788133075,19.87039836,0,63.30707198,0,0.7454052576,-1.406074692e-19,-0.006408640027,4.772180978e-17,0.983643477,0.9999580383,0.3248604238,0.00726119783,1,0
70.90000153,0.9979142579,-0.002085742143,1.635032658,0.6555119305,0.9795207275,19.79770794,0,63.30585326,0,0.7450702459,-5.45489218e-19,-0.006409085335,5.452112192e-17,0.9835909967,0.9999580383,0.3248604238,0.007272797872,1,0
71,0.9979109914,-0.002089008573,1.635084819,0.6549511668,0.9801336526,19.73160692,0,63.30467023,0,0.7447523565,4.887380106e-19,-0.006409365948,-1.179799932e-16,0.9835962659,0.9999580383,0.3248604238,0.007284327561,1,0
71.09999847,0.9979076306,-0.002092369371,1.635116019,0.6544183722,0.980697647,19.67169618,0,63.3035117,0,0.7444503832,-4.624799892e-19,-0.006409411815,2.698054709e-18,0.9836112144,0.9999580383,0.3248604238,0.007287593946,1,0
71.19999695,0.9979042249,-0.00209577515,1.635204742,0.6539124234,0.9812923183,19.61762234,0,63.30237991,0,0.7441636124,-1.490777987e-19,-0.006409107851,-1.746724874e-17,0.9836315283,0.9999580383,0.3248604238,0.007262063539,1,0
71.29999542,0.997900848,-0.002099151976,1.635233523,0.6534328316,0.9818006911,19.56903087,0,63.3012786,0,0.743891517,-2.910087569e-19,-0.006408626194,-1.474734985e-17,0.9836095693,0.9999580383,0.3248604238,0.007282119559,1,0
71.40000153,0.9978974568,-0.002102543203,1.635307549,0.6529780498,0.9823294992,19.52559635,0,63.30020406,0,0.743633346,7.115076757e-19,-0.006407840582,3.914581625e-17,0.9836044612,0.9999580383,0.3248604238,0.007273931737,1,0
71.5,0.9978940574,-0.002105942587,1.635354012,0.6525469859,0.9828070263,19.48701332,0,63.29915446,0,0.7433882381,3.616830685e-19,-0.006406772895,6.011968875e-17,0.9835926435,0.9999580383,0.3248604238,0.007303564633,1,0
71.59999847,0.9978906568,-0.002109343239,1.635399912,0.6521389357,0.9832609762,19.45299581,0,63.29812712,0,0.7431559566,2.435219723e-19,-0.006405499318,1.943003253e-17,0.983647291,0.9999580383,0.3248604238,0.007270574781,1,0
71.69999695,0.9978872852,-0.002112714808,1.635436238,0.6517526133,0.983683625,19.42327771,0,63.29712103,0,0.742935598,3.635888926e-19,-0.006404162226,-6.22813036e-17,0.983623221,0.9999580383,0.3248604238,0.007269365739,1,0
71.79999542,0.9978839042,-0.002116095818,1.635481539,0.6513867042,0.9840948351,19.39761244,0,63.29612851,0,0.7427266539,-4.129285618e-19,-0.006402556268,1.887931884e-17,0.9836138338,0.9999580383,0.3248604238,0.007283464407,1,0
71.90000153,0.9978805664,-0.002119433619,1.635511383,0.6510404122,0.9844709707,19.37577019,0,63.29514663,0,0.7425284003,-2.964615315e-19,-0.006400837239,-8.920196612e-18,0.983601295,0.9999580383,0.3248604238,0.00728493564,1,0
72,0.9978772519,-0.00212274812,1.635521647,0.650713517,0.9848081301,19.35753884,0,63.29416973,0,0.7423409412,9.43382945e-20,-0.006399041987,-1.852243342e-17,0.9836295411,0.9999580383,0.3248604238,0.007284461673,1,0
72.09999847,0.9978738759,-0.002126124136,1.635583464,0.6504043476,0.9851791168,19.34272612,0,63.29318687,0,0.7421633066,-3.438953766e-19,-0.006397164732,-3.539942592e-18,0.9836233087,0.9999580383,0.3248604238,0.007267785984,1,0
72.19999695,0.9978705137,-0.002129486267,1.635572561,0.6501124569,0.9854601039,19.33116463,0,63.29219756,0,0.7419952968,2.871441691e-19,-0.006395261343,6.153941192e-17,0.9835957514,0.9999580383,0.3248604238,0.007295712826,1,0
72.29999542,0.9978671445,-0.002132855549,1.635634755,0.6498365368,0.9857982184,19.32268913,0,63.2912,0,0.7418362847,-6.907553685e-19,-0.006393369032,-5.891008269e-17,0.9836174438,0.9999580383,0.3248604238,0.007273475739,1,0
72.40000153,0.9978637707,-0.002136229272,1.63564519,0.6495766648,0.986068525,19.31715056,0,63.29019391,0,0.7416862149,2.752857079e-20,-0.006391482036,-6.765685592e-17,0.9835871276,0.9999580383,0.3248604238,0.0073077817,1,0
72.5,0.9978604027,-0.002139597311,1.635684776,0.6493314319,0.9863533443,19.31440569,0,63.28918023,0,0.7415444427,-7.147899284e-19,-0.006389698604,-4.388479023e-17,0.9836616138,0.9999580383,0.3248604238,0.007255876825,1,0
72.59999847,0.9978569864,-0.002143013609,1.635696594,0.6491007526,0.986595841,19.31431754,0,63.28815871,0,0.741410921,1.285372497e-19,-0.006388117299,4.193054626e-17,0.983619289,0.9999580383,0.3248604238,0.007270863865,1,0
72.69999695,0.9978535854,-0.002146414568,1.63572278,0.6488835105,0.9868392696,19.31675979,0,63.28713811,0,0.7412850148,-3.811648263e-19,-0.006386562582,-9.280304728e-19,0.9836122351,0.9999580383,0.3248604238,0.007274274672,1,0
72.79999542,0.9978501667,-0.002149833324,1.635749782,0.6486790289,0.9870707534,19.32160987,0,63.2861198,0,0.7411663853,5.556536134e-19,-0.006385089488,8.759855922e-17,0.9835561379,0.9999580383,0.3248604238,0.007304012538,1,0
72.90000153,0.9978467487,-0.002153251282,1.635768792,0.6484869681,0.9872818241,19.32875094,0,63.28510933,0,0.7410548582,2.524158183e-19,-0.006383716658,2.967080975e-17,0.9836054003,0.9999580383,0.3248604238,0.007284807538,1,0
73,0.997843441,-0.002156558992,1.63581995,0.6483070102,0.9875129398,19.33807007,0,63.28411425,0,0.7409502644,-2.617331807e-19,-0.00638252687,6.813453618e-18,0.9836501457,0.9999580383,0.3248604238,0.007264171735,1,0
73.09999847,0.9978400564,-0.002159943571,1.635829214,0.6481379447,0.9876912694,19.34945573,0,63.28311892,0,0.7408518125,-3.479187831e-19,-0.006381276159,-4.038314279e-17,0.9836396306,0.9999580383,0.3248604238,0.007254161607,1,0
73.19999695,0.9978365893,-0.002163410724,1.635842734,0.6479800841,0.9878626504,19.36280368,0,63.28212068,0,0.7407595914,-8.123045964e-19,-0.006380179809,6.121782396e-17,0.9835928417,0.9999580383,0.3248604238,0.007293559934,1,0
73.29999542,0.9978331705,-0.002166829521,1.635879302,0.6478328246,0.9880464778,19.378013,0,63.28112123,0,0.7406733591,-1.577598864e-19,-0.006379264806,-4.912538308e-17,0.9836390608,0.9999580383,0.3248604238,0.007256279872,1,0
73.40000153,0.9978298069,-0.002170193115,1.635881005,0.6476957784,0.9881852268,19.39498467,0,63.28011226,0,0.7405928135,3.573354072e-19,-0.006378637443,-1.026492759e-17,0.9836137158,0.9999580383,0.3248604238,0.007264625265,1,0
73.5,0.9978264076,-0.002173592401,1.635896101,0.6475689053,0.9883271961,19.41362086,0,63.27908208,0,0.7405177479,-4.0954043e-19,-0.006378121963,-6.471353555e-17,0.9836150906,0.9999580383,0.3248604238,0.007301329568,1,0
73.59999847,0.9978229863,-0.002177013732,1.63595174,0.6474514213,0.9885003182,19.43383237,0,63.27802435,0,0.7404478386,-1.902647758e-19,-0.006377856335,1.586843435e-17,0.9836374842,0.9999580383,0.3248604238,0.007267666598,1,0
73.69999695,0.9978195229,-0.002180477052,1.635935161,0.6473433605,0.9885918003,19.45552976,0,63.27693333,0,0.7403829025,-1.342547221e-19,-0.006377785108,9.634506114e-17,0.9836322649,0.9999580383,0.3248604238,0.007280980734,1,0
73.79999542,0.9978161488,-0.002183851161,1.635964845,0.6472446298,0.9887202151,19.47863488,0,63.275814,0,0.7403228165,-6.777587067e-20,-0.006377960829,-1.859300847e-17,0.9836010463,0.9999580383,0.3248604238,0.007285456732,1,0
73.90000153,0.9978126923,-0.002187307691,1.635962771,0.6471543353,0.9888084358,19.50307115,0,63.27465476,0,0.7402670183,-2.164036831e-19,-0.006378179236,-9.177482869e-18,0.9836056823,0.9999580383,0.3248604238,0.007266060462,1,0
74,0.9978093283,-0.002190671662,1.63596487,0.6470724964,0.9888923731,19.52877624,0,63.2734661,0,0.7402153336,-5.283368008e-19,-0.006378335951,-1.713511918e-17,0.9835808208,0.9999580383,0.3248604238,0.007277659583,1,0
74.09999847,0.9978059597,-0.002194040328,1.636033748,0.6469984519,0.9890352962,19.5556906,0,63.2722442,0,0.7401674973,7.81493773e-19,-0.006378778047,-1.004959593e-17,0.9836003264,0.9999580383,0.3248604238,0.00728133109,1,0
74.19999695,0.9978026312,-0.002197368796,1.635985672,0.6469329885,0.9890526839,19.58376211,0,63.27099448,0,0.7401236113,2.329340605e-19,-0.006379172601,-5.901114431e-17,0.9835980478,0.9999580383,0.3248604238,0.007275934807,1,0
74.29999542,0.9977992404,-0.00220075958,1.636023605,0.6468756777,0.9891479273,19.61294176,0,63.26971488,0,0.7400835159,-3.287546627e-20,-0.006379682517,2.397443377e-17,0.9836077539,0.9999580383,0.3248604238,0.00728727514,1,0
74.40000153,0.9977957709,-0.002204229115,1.636061807,0.6468261724,0.9892356351,19.64318604,0,63.26840843,0,0.7400468538,-8.008696516e-19,-0.006380379951,3.280163543e-17,0.9836588944,0.9999580383,0.3248604238,0.00725928734,1,0
74.5,0.9977923531,-0.002207646856,1.636066408,0.6467834781,0.9892829301,19.67445358,0,63.2670891,0,0.7400133291,-1.977821932e-19,-0.006381066253,2.946582778e-18,0.9836390437,0.9999580383,0.3248604238,0.007275413161,1,0
74.59999847,0.9977889823,-0.002211017691,1.636039128,0.6467481637,0.9892909639,19.7067165,0,63.26575696,0,0.7399831107,3.337309812e-19,-0.006381918667,7.093159779e-18,0.9836258917,0.9999580383,0.3248604238,0.007266553468,1,0
74.69999695,0.9977855615,-0.002214438454,1.636065403,0.6467194035,0.9893459991,19.73994129,0,63.26440884,0,0.7399556524,1.556423041e-19,-0.006382676844,1.727435022e-17,0.9835976712,0.9999580383,0.3248604238,0.007274475694,1,0
74.79999542,0.9977821201,-0.002217879903,1.636121307,0.6466980461,0.9894232605,19.77409939,0,63.26304633,0,0.7399315357,1.402898319e-20,-0.006383491137,-1.241062086e-18,0.9835914823,0.9999580383,0.3248604238,0.007285313378,1,0
74.90000153,0.9977787131,-0.002221286857,1.636035968,0.6466819748,0.9893539936,19.80915962,0,63.26167627,0,0.7399098393,-4.986906477e-19,-0.006384449045,2.386866053e-17,0.9836643064,0.9999580383,0.3248604238,0.007265568591,1,0
75,0.9977752907,-0.002224709316,1.636151568,0.6466732186,0.989478349,19.84508977,0,63.2602928,0,0.7398914837,-2.781444441e-19,-0.006385712411,2.305962496e-17,0.9836501078,0.9999580383,0.3248604238,0.007265828404,1,0
75.09999847,0.9977717986,-0.002228201414,1.636043487,0.6466698461,0.9893736405,19.88186067,0,63.25888863,0,0.7398757613,9.634999775e-21,-0.006387007992,1.159671485e-17,0.9836041737,0.9999580383,0.3248604238,0.007283774,1,0
75.19999695,0.9977684144,-0.002231585594,1.636026693,0.6466737883,0.9893529049,19.9194373,0,63.25747342,0,0.7398634648,-1.567010952e-19,-0.006388399474,1.340612281e-17,0.9835938212,0.9999580383,0.3248604238,0.007309487807,1,0
75.29999542,0.997764982,-0.002235017993,1.636082645,0.6466835961,0.9893990494,19.9577897,0,63.25603654,0,0.7398539605,-4.288104295e-20,-0.006389824333,-8.99543696e-18,0.9836406511,0.9999580383,0.3248604238,0.007255070367,1,0
75.40000153,0.997761561,-0.002238438954,1.63603764,0.6467050224,0.9893326173,19.99688167,0,63.25458361,0,0.7398496967,9.73293796e-20,-0.006390734349,-1.888553262e-17,0.9835718757,0.9999580383,0.3248604238,0.007284681352,1,0
75.5,0.9977581603,-0.002241839666,1.635995584,0.6467257621,0.9892698217,20.03666266,0,63.25311679,0,0.7398453388,-1.565952161e-19,-0.006392597308,-6.441618066e-17,0.9836042606,0.9999580383,0.3248604238,0.007284234516,1,0
75.59999847,0.9977547247,-0.002245275263,1.636076361,0.6467542928,0.9893220686,20.07711734,0,63.25163862,0,0.7398446135,5.007817603e-19,-0.006394173859,2.463232029e-17,0.9836094393,0.9999580383,0.3248604238,0.007294099942,1,0
75.69999695,0.9977513316,-0.002248668357,1.636077651,0.646788357,0.9892892943,20.11821268,0,63.25016029,0,0.7398465994,1.46166123e-19,-0.006396031192,-6.936605591e-17,0.9836550989,0.9999580383,0.3248604238,0.007261322806,1,0
75.79999542,0.9977478611,-0.00225213887,1.636045558,0.6468262836,0.9892192748,20.15991503,0,63.24868121,0,0.7398506213,-9.994988778e-20,-0.006397772516,2.540258426e-17,0.9836264141,0.9999580383,0.3248604238,0.0072619548,1,0
75.90000153,0.9977444345,-0.002255565522,1.63597556,0.6468692031,0.9891063567,20.20219244,0,63.24721518,0,0.7398571206,-6.310395457e-19,-0.006399631462,-1.89470153e-17,0.9835910895,0.9999580383,0.3248604238,0.007287206094,1,0
76,0.9977410027,-0.002258997254,1.636054935,0.6469179082,0.989137027,20.24501549,0,63.24576646,0,0.7398659912,-3.930232875e-19,-0.006402087398,-5.526455876e-17,0.9836188181,0.9999580383,0.3248604238,0.007282600037,1,0
76.09999847,0.9977375748,-0.002262425236,1.636021382,0.6469714645,0.9890499179,20.28835501,0,63.24434002,0,0.7398769889,5.043551805e-19,-0.006404448281,-4.780289995e-17,0.9836273577,0.9999580383,0.3248604238,0.007270342138,1,0
76.19999695,0.9977342016,-0.00226579844,1.636065251,0.6470289374,0.9890363133,20.33218255,0,63.24294217,0,0.7398897394,-2.812149385e-19,-0.006407025619,-5.360624031e-17,0.9836194026,0.9999580383,0.3248604238,0.007271969101,1,0
76.29999542,0.9977308525,-0.002269147521,1.636028791,0.6470898493,0.9889389421,20.37647346,0,63.24157357,0,0.7399036536,3.973643314e-19,-0.006409611926,-1.26257937e-17,0.9836354941,0.9999580383,0.3248604238,0.007265724771,1,0
76.40000153,0.997727404,-0.002272595982,1.635996583,0.6471550835,0.9888414997,20.42119993,0,63.24022655,0,0.7399186539,-1.912706274e-19,-0.00641262784,3.537455757e-17,0.983600155,0.9999580383,0.3248604238,0.007280145292,1,0
76.5,0.9977239893,-0.002276010662,1.636016738,0.6472245321,0.9887922056,20.46634307,0,63.23891273,0,0.7399349089,-4.388689458e-20,-0.006415481234,6.262710149e-17,0.9835754951,0.9999580383,0.3248604238,0.007302422563,1,0
76.59999847,0.9977205368,-0.002279463236,1.635995562,0.6472974988,0.9886980631,20.51188101,0,63.23762678,0,0.7399516353,-2.955086195e-19,-0.006418833939,-3.98611058e-18,0.9836588272,0.9999580383,0.3248604238,0.007253070644,1,0
76.69999695,0.9977170738,-0.002282926187,1.635969437,0.6473729389,0.9885964979,20.55778814,0,63.23636912,0,0.739968171,3.278017506e-19,-0.006422635729,-4.448308666e-17,0.9836254487,0.9999580383,0.3248604238,0.00727097986,1,0
76.79999542,0.9977136642,-0.002286335829,1.635905069,0.6474514474,0.9884536221,20.60405533,0,63.23514609,0,0.7399845666,-1.628420841e-19,-0.006426576467,2.472900778e-17,0.9836127935,0.9999580383,0.3248604238,0.007276187798,1,0
76.90000153,0.9977102617,-0.002289738263,1.635920553,0.6475313739,0.988389179,20.65066599,0,63.2339554,0,0.739999984,-6.67038446e-21,-0.006430580403,6.697759506e-17,0.9835811399,0.9999580383,0.3248604238,0.007292242732,1,0
77,0.9977068816,-0.00229311837,1.635984223,0.6476157369,0.9883684865,20.6976129,0,63.23279693,0,0.7400152816,3.04931861e-19,-0.006435230274,-2.810214444e-17,0.9836168792,0.9999580383,0.3248604238,0.007292261284,1,0
77.09999847,0.9977034566,-0.00229654337,1.635982237,0.6477006812,0.9882815557,20.74488555,0,63.23166855,0,0.7400289602,2.797326308e-19,-0.006439508356,7.616848487e-17,0.9836580106,0.9999580383,0.3248604238,0.007262118278,1,0
77.19999695,0.9977000459,-0.002299954061,1.635902703,0.6477870772,0.9881156259,20.7924786,0,63.23057637,0,0.7400411809,-3.112316686e-19,-0.006443929577,1.069085281e-17,0.9836505834,0.9999580383,0.3248604238,0.007257450365,1,0
77.29999542,0.9976966194,-0.002303380574,1.635695274,0.6478756784,0.9878195952,20.84039295,0,63.22951941,0,0.7400521422,-1.660184577e-19,-0.006448414365,6.787275006e-17,0.983596898,0.9999580383,0.3248604238,0.007282208382,1,0
77.40000153,0.9976932073,-0.002306792676,1.635773485,0.6479645291,0.9878089562,20.88862696,0,63.22850099,0,0.7400611837,3.646476838e-19,-0.006452809439,2.703371826e-18,0.983605174,0.9999580383,0.3248604238,0.007287767714,1,0
77.5,0.9976897914,-0.002310208552,1.63580862,0.6480536007,0.9877550193,20.9371792,0,63.22752213,0,0.7400683614,-3.409307613e-20,-0.006456945194,-2.698256541e-17,0.98362931,0.9999580383,0.3248604238,0.007270757585,1,0
77.59999847,0.9976863294,-0.002313670613,1.635831647,0.6481436899,0.9876879569,20.98605163,0,63.22657962,0,0.7400737791,5.829704259e-19,-0.006461525398,-3.013348827e-17,0.9836425819,0.9999580383,0.3248604238,0.007265536134,1,0
77.69999695,0.9976829415,-0.002317058547,1.635832322,0.6482341398,0.9875981821,21.03524616,0,63.22568119,0,0.7400774838,-4.015994961e-19,-0.006466185815,-9.420223983e-18,0.9836079483,0.9999580383,0.3248604238,0.007291508333,1,0
77.79999542,0.9976795468,-0.002320453232,1.635709121,0.6483242601,0.9873848609,21.08476002,0,63.22482098,0,0.7400793993,-1.643243918e-19,-0.006470544083,2.335333363e-17,0.9836038708,0.9999580383,0.3248604238,0.00728146185,1,0
77.90000153,0.9976761172,-0.002323882798,1.636002851,0.6484138122,0.9875890385,21.13459759,0,63.22399471,0,0.7400793536,-1.706241993e-19,-0.006475667396,4.379231806e-17,0.9835684897,0.9999580383,0.3248604238,0.007301065756,1,0
78,0.9976726924,-0.002327307595,1.635783968,0.6485029926,0.9872809751,21.18476029,0,63.22320296,0,0.7400777437,-7.453889936e-20,-0.006480837924,4.460263742e-18,0.9836391553,0.9999580383,0.3248604238,0.00726499012,1,0
78.09999847,0.9976692862,-0.002330713775,1.635903167,0.6485914879,0.9873116794,21.23524787,0,63.22244285,0,0.7400744971,-4.919673237e-19,-0.006485759408,3.869877807e-17,0.9836542554,0.9999580383,0.3248604238,0.007245259243,1,0
78.19999695,0.9976658344,-0.002334165624,1.635743318,0.6486778901,0.9870654278,21.28606336,0,63.22170868,0,0.740069478,3.938703205e-20,-0.006490486476,1.972342687e-17,0.9835904699,0.9999580383,0.3248604238,0.007287347549,1,0
78.29999542,0.9976624217,-0.002337578323,1.635815996,0.6487626952,0.9870533006,21.33721472,0,63.22100248,0,0.740062893,1.495013152e-19,-0.006495379833,7.230747047e-17,0.983586916,0.9999580383,0.3248604238,0.007296934144,1,0
78.40000153,0.9976589695,-0.002341030545,1.635826786,0.6488433739,0.9869834121,21.3887065,0,63.22031715,0,0.7400545034,3.623712827e-19,-0.006499579359,1.772659964e-17,0.9836300439,0.9999580383,0.3248604238,0.007266605073,1,0
78.5,0.9976555453,-0.002344454653,1.635961216,0.6489214797,0.9870397359,21.44054518,0,63.21965706,0,0.7400448769,5.840292171e-19,-0.006503093215,-4.780984827e-17,0.9836487377,0.9999580383,0.3248604238,0.007263895348,1,0
78.59999847,0.9976521549,-0.00234784513,1.635737434,0.6489984852,0.9867389492,21.49273962,0,63.21901971,0,0.7400335828,-1.081290497e-19,-0.006507412822,1.858602045e-18,0.9836135512,0.9999580383,0.3248604238,0.007278744252,1,0
78.69999695,0.9976487903,-0.002351209724,1.63592589,0.6490704516,0.986855438,21.54529439,0,63.21840412,0,0.7400203676,-3.245724375e-19,-0.006511268748,1.848982927e-17,0.9835975743,0.9999580383,0.3248604238,0.007297689844,1,0
78.79999542,0.9976453393,-0.002354660662,1.635940275,0.6491412773,0.9867989982,21.59821392,0,63.21780081,0,0.7400053805,6.159253016e-19,-0.006515873294,-1.941598038e-17,0.9836242727,0.9999580383,0.3248604238,0.007263912207,1,0
78.90000153,0.9976418834,-0.002358116639,1.635765613,0.6492087341,0.9865568789,21.65149976,0,63.21721231,0,0.7399883436,-2.342046099e-19,-0.006520193545,-8.11394036e-18,0.9836295105,0.9999580383,0.3248604238,0.007270523276,1,0
79,0.9976385461,-0.002361453941,1.635271327,0.6492705462,0.986000781,21.70515604,0,63.2166451,0,0.7399691594,2.169463136e-19,-0.006524027259,-1.064474246e-17,0.9835966196,0.9999580383,0.3248604238,0.007265592939,1,0
79.09999847,0.9976351443,-0.002364855652,1.635700953,0.6493286336,0.986372319,21.75917792,0,63.21608438,0,0.7399471929,4.475510335e-19,-0.006528342617,-1.994863176e-17,0.9835742601,0.9999580383,0.3248604238,0.007295328035,1,0
79.19999695,0.9976318053,-0.002368194693,1.63594629,0.6493809843,0.9865653054,21.81356384,0,63.21553424,0,0.7399225023,-6.469214135e-20,-0.006531935509,-2.228967201e-18,0.9836312184,0.9999580383,0.3248604238,0.00727443217,1,0
79.29999542,0.9976283839,-0.002371616113,1.635946181,0.6494295496,0.9865166318,21.86830892,0,63.21498449,0,0.7398945376,-3.347897724e-19,-0.006536397579,1.504997553e-17,0.9836511871,0.9999580383,0.3248604238,0.007268785333,1,0
79.40000153,0.9976250426,-0.002374957424,1.635986059,0.6494711119,0.9865149473,21.92341018,0,63.21444126,0,0.7398627442,-3.951408699e-19,-0.006540742717,-1.431213042e-17,0.9836296828,0.9999580383,0.3248604238,0.007262842151,1,0
79.5,0.9976216014,-0.002378398613,1.635768307,0.6495082994,0.9862600075,21.97885787,0,63.21389306,0,0.7398261744,-1.236668103e-19,-0.006544944575,-5.859297473e-18,0.9836379012,0.9999580383,0.3248604238,0.007280962715,1,0
79.59999847,0.9976182493,-0.00238175071,1.635787966,0.6495404129,0.9862475526,22.03464885,0,63.21334918,0,0.7397849319,-1.724506141e-19,-0.006549782671,-5.302304489e-17,0.9836783056,0.9999580383,0.3248604238,0.007260319342,1,0
79.69999695,0.9976148742,-0.002385125788,1.635916941,0.6495651995,0.9863517418,22.09077512,0,63.21280234,0,0.7397391129,3.512010358e-19,-0.006554156013,-3.615634251e-17,0.9836219072,0.9999580383,0.3248604238,0.007268050757,1,0
79.79999542,0.997611495,-0.002388504968,1.635823573,0.649583856,0.9862397165,22.14723129,0,63.21225417,0,0.7396880608,4.192813089e-20,-0.006559015386,1.496537811e-17,0.9835923179,0.9999580383,0.3248604238,0.007290179459,1,0
79.90000153,0.9976081093,-0.002391890683,1.636035973,0.6495963216,0.9864396515,22.20401287,0,63.21170375,0,0.7396309292,1.586069194e-19,-0.006564361698,-3.643734569e-17,0.9836583408,0.9999580383,0.3248604238,0.007249311639,1,0
80,0.9976046828,-0.002395317244,1.635812769,0.6496021212,0.9862106479,22.26111465,0,63.21114976,0,0.7395681006,-5.02502296e-19,-0.00656944768,-4.483663027e-18,0.9836532991,0.9999580383,0.3248604238,0.007283454433,1,0
80.09999847,0.9976013406,-0.002398659359,1.636168371,0.6496018034,0.9865665675,22.31853592,0,63.21059999,0,0.7394993936,-7.936698716e-19,-0.006574862525,3.52997275e-17,0.9836195463,0.9999580383,0.3248604238,0.007285120187,1,0
80.19999695,0.9975979086,-0.002402091419,1.636202492,0.6495947934,0.986607699,22.37627117,0,63.21004622,0,0.7394247185,-2.718975761e-19,-0.006580505391,-2.041524103e-17,0.9836561873,0.9999580383,0.3248604238,0.0072629334,1,0
80.29999542,0.9975944537,-0.00240554628,1.636164943,0.6495804489,0.9865844943,22.43431854,0,63.20949279,0,0.7393451104,-8.196102556e-19,-0.006585500407,-4.6310997e-18,0.9836800809,0.9999580383,0.3248604238,0.007274408403,1,0
80.40000153,0.9975910869,-0.002408913118,1.636302307,0.6495587218,0.9867435848,22.49267781,0,63.20894691,0,0.7392594619,9.34012643e-19,-0.006590249333,3.300315648e-17,0.9836177852,0.9999580383,0.3248604238,0.007275607059,1,0
80.5,0.9975877434,-0.002412256642,1.636385814,0.6495312689,0.9868545454,22.55134544,0,63.20840429,0,0.7391683124,-2.064113413e-19,-0.006595625161,5.73240135e-17,0.983605774,0.9999580383,0.3248604238,0.007268827206,1,0
80.59999847,0.9975843467,-0.002415653284,1.636242424,0.6494975855,0.9867448387,22.61031669,0,63.20785772,0,0.7390719839,1.091613711e-19,-0.006601326165,3.336886296e-18,0.9836087026,0.9999580383,0.3248604238,0.007284159187,1,0
80.69999695,0.997581035,-0.002418964976,1.636369826,0.6494567398,0.986913086,22.6695909,0,63.20731545,0,0.7389720429,1.067261514e-19,-0.006605790058,2.06255699e-17,0.983635502,0.9999580383,0.3248604238,0.007282305089,1,0
80.79999542,0.9975775929,-0.002422407088,1.636354047,0.6494092022,0.9869448447,22.72915958,0,63.20676286,0,0.7388667406,1.662302159e-19,-0.00661061392,4.237356434e-17,0.983625899,0.9999580383,0.3248604238,0.007270743981,1,0
80.90000153,0.9975742002,-0.002425799768,1.636434716,0.6493556494,0.9870790669,22.78901922,0,63.20620681,0,0.7387573649,-3.585066949e-19,-0.006614919892,-1.534442536e-17,0.9835991217,0.9999580383,0.3248604238,0.007267555988,1,0
81,0.9975708218,-0.002429178164,1.636612142,0.6492960526,0.9873160889,22.84916335,0,63.20564179,0,0.7386447412,3.832824086e-20,-0.006619142031,2.492235629e-17,0.9836583803,0.9999580383,0.3248604238,0.007271425991,1,0
81.09999847,0.9975674298,-0.002432570154,1.636655169,0.6492306632,0.9874245054,22.90958596,0,63.205065,0,0.7385287403,-6.511565782e-20,-0.006623473247,-6.426862487e-17,0.9836307211,0.9999580383,0.3248604238,0.007273320138,1,0
81.19999695,0.9975640246,-0.0024359754,1.636590842,0.649160308,0.9874305339,22.97028225,0,63.20447541,0,0.7384107576,3.404013657e-19,-0.006627375583,1.938657246e-17,0.9835671828,0.9999580383,0.3248604238,0.007290652238,1,0
81.29999542,0.9975606219,-0.002439378138,1.636799944,0.6490858044,0.9877141391,23.03124834,0,63.20387396,0,0.7382912101,1.6453615e-19,-0.006631176111,-1.593988952e-17,0.9836425238,0.9999580383,0.3248604238,0.00727171361,1,0
81.40000153,0.9975572357,-0.00244276433,1.636730252,0.6490062576,0.9877239941,23.09247521,0,63.20326306,0,0.7381675149,-6.38451084e-20,-0.006634596883,1.725766103e-17,0.9836548514,0.9999580383,0.3248604238,0.007247482365,1,0
81.5,0.9975538286,-0.002446171377,1.636711964,0.6489231354,0.9877888283,23.15395949,0,63.20264385,0,0.7380444594,9.31736242e-20,-0.006638704005,2.734381172e-17,0.9836310954,0.9999580383,0.3248604238,0.007268444065,1,0
81.59999847,0.9975503748,-0.002449625214,1.636695962,0.6488354116,0.9878605499,23.21569959,0,63.2020172,0,0.7379197333,3.669770244e-19,-0.006643165078,-5.939368556e-17,0.9835831829,0.9999580383,0.3248604238,0.00729273472,1,0
81.69999695,0.9975470254,-0.002452974602,1.636893492,0.6487444175,0.9881490745,23.27769312,0,63.20139888,0,0.7377943872,-8.406802001e-20,-0.006647469103,-9.732705025e-17,0.9835741543,0.9999580383,0.3248604238,0.007307910544,1,0
81.79999542,0.9975435254,-0.002456474554,1.636668273,0.6486501276,0.9880181458,23.33993079,0,63.20077679,0,0.7376680507,-1.863472484e-20,-0.006652258108,2.662732773e-17,0.9836312853,0.9999580383,0.3248604238,0.007262593302,1,0
81.90000153,0.9975400503,-0.00245994973,1.636935701,0.6485530656,0.9883826355,23.40240873,0,63.20016815,0,0.7375415215,-8.946785505e-20,-0.006656684597,2.524158183e-19,0.9836318905,0.9999580383,0.3248604238,0.007257419474,1,0
82,0.9975366362,-0.00246336376,1.636660145,0.6484524125,0.9882077322,23.46511802,0,63.19957337,0,0.7374132698,-7.009197639e-20,-0.006660014404,-2.850768793e-17,0.9835903678,0.9999580383,0.3248604238,0.007288798743,1,0
82.09999847,0.9975332124,-0.002466787608,1.636784444,0.6483512923,0.9884331514,23.52805134,0,63.19899449,0,0.7372876633,1.077849425e-19,-0.00666409728,-2.108275594e-17,0.9835847696,0.9999580383,0.3248604238,0.007294823365,1,0
82.19999695,0.9975297889,-0.002470211083,1.637050274,0.648247885,0.9888023887,23.59119935,0,63.19843254,0,0.7371618694,-2.774032902e-19,-0.006668573283,6.245745667e-17,0.9836408683,0.9999580383,0.3248604238,0.007271502305,1,0
82.29999542,0.9975263976,-0.002473602376,1.637024891,0.6481426956,0.9888821956,23.65455028,0,63.19788962,0,0.7370360344,-4.002230676e-20,-0.006673079636,-5.529494607e-17,0.9836296987,0.9999580383,0.3248604238,0.0072644824,1,0
82.40000153,0.9975229809,-0.002477019096,1.63675837,0.6480368054,0.9887215642,23.71809901,0,63.1973624,0,0.7369112877,3.669770244e-19,-0.006677490713,-1.683425043e-17,0.9836012903,0.9999580383,0.3248604238,0.007282787675,1,0
82.5,0.9975195513,-0.002480448677,1.63693137,0.6479310916,0.9890002783,23.78183282,0,63.19685226,0,0.7367884751,2.88838235e-19,-0.006681327904,-3.953071001e-17,0.9835689706,0.9999580383,0.3248604238,0.007299582609,1,0
82.59999847,0.9975161113,-0.00248388873,1.636938591,0.6478245972,0.9891139943,23.84574781,0,63.19635952,0,0.7366669217,-1.680831005e-19,-0.006685328689,-6.159729472e-17,0.9836241316,0.9999580383,0.3248604238,0.007275598,1,0
82.69999695,0.9975126413,-0.002487358706,1.637060217,0.6477174839,0.9893427334,23.90983546,0,63.19587956,0,0.7365456751,4.696797693e-19,-0.006689912199,7.929816573e-19,0.9836622695,0.9999580383,0.3248604238,0.007251961426,1,0
82.79999542,0.9975091613,-0.002490838654,1.637128061,0.6476098115,0.9895182491,23.97408824,0,63.1954104,0,0.7364252905,2.371692252e-20,-0.006694309364,-6.480754959e-17,0.983598582,0.9999580383,0.3248604238,0.007286478476,1,0
82.90000153,0.9975056952,-0.00249430482,1.636989708,0.6475040553,0.9894856523,24.03850675,0,63.19495295,0,0.7363074181,3.363779592e-19,-0.006698463312,2.308440067e-17,0.9836032234,0.9999580383,0.3248604238,0.007279916272,1,0
83,0.9975022302,-0.002497769789,1.637173958,0.6473981353,0.9897758225,24.10308246,0,63.19450539,0,0.7361904678,1.166787885e-19,-0.0067015226,1.903770076e-17,0.9835902358,0.9999580383,0.3248604238,0.007305308911,1,0
83.09999847,0.9974987135,-0.002501286457,1.637265664,0.647293503,0.989972161,24.16781422,0,63.19406429,0,0.7360753331,-2.85238345e-19,-0.006704890703,-4.589806843e-17,0.9836683737,0.9999580383,0.3248604238,0.007245680581,1,0
83.19999695,0.997495278,-0.002504722043,1.637239766,0.6471891638,0.9900506023,24.23269816,0,63.1936384,0,0.7359610355,3.774590571e-19,-0.006708798392,-3.12375163e-18,0.9836094804,0.9999580383,0.3248604238,0.007272172927,1,0
83.29999542,0.9974918531,-0.002508146934,1.637004432,0.6470870985,0.9899173331,24.2977363,0,63.19322471,0,0.7358491997,-2.748621914e-19,-0.006711876124,1.120942227e-18,0.983597684,0.9999580383,0.3248604238,0.007290666325,1,0
83.40000153,0.9974884358,-0.00251156424,1.637072438,0.6469857719,0.9900866661,24.36292081,0,63.19282606,0,0.7357384777,-3.811648263e-20,-0.006715054369,2.098714709e-17,0.9836000856,0.9999580383,0.3248604238,0.007279599069,1,0
83.5,0.9974850356,-0.002514964351,1.637166613,0.6468854157,0.9902811976,24.42824526,0,63.19244444,0,0.7356289763,-9.804406364e-20,-0.006718381817,4.588906871e-17,0.9836354697,0.9999580383,0.3248604238,0.007268082342,1,0
83.59999847,0.9974815835,-0.002518416458,1.637178416,0.6467873765,0.9903910398,24.49370565,0,63.19207391,0,0.7355218043,2.354751593e-19,-0.006721602581,-1.047282124e-16,0.9836491264,0.9999580383,0.3248604238,0.007262511826,1,0
83.69999695,0.9974782103,-0.002521789667,1.637112043,0.6466912936,0.9904207493,24.55930424,0,63.19172035,0,0.7354165721,-1.084202172e-19,-0.006724736395,6.041060156e-17,0.9836041128,0.9999580383,0.3248604238,0.007287940421,1,0
83.79999542,0.9974747393,-0.002525260707,1.637257868,0.6465970466,0.9906608216,24.62503619,0,63.1913702,0,0.7353130269,2.277989233e-19,-0.006727985134,-5.432657565e-18,0.9835931225,0.9999580383,0.3248604238,0.007287052987,1,0
83.90000153,0.9974712822,-0.002528717844,1.63721391,0.6465022886,0.9907116212,24.69090118,0,63.19102694,0,0.7352088615,-2.869324109e-19,-0.006731496855,-2.940676047e-17,0.9836524397,0.9999580383,0.3248604238,0.007257631015,1,0
84,0.9974678196,-0.002532180388,1.63716965,0.6464110047,0.9907586449,24.75690156,0,63.19068576,0,0.7351076703,-2.960380151e-19,-0.006735214219,9.126907062e-17,0.9836412456,0.9999580383,0.3248604238,0.007278949389,1,0
84.09999847,0.9974643466,-0.002535653416,1.637248922,0.6463217279,0.9909271939,24.82303896,0,63.19034722,0,0.7350084343,1.677125236e-19,-0.006738839983,3.649970849e-18,0.9836340478,0.9999580383,0.3248604238,0.007281797486,1,0
84.19999695,0.9974609074,-0.002539092627,1.637189262,0.6462338029,0.9909554594,24.88931633,0,63.19001017,0,0.7349103177,4.582448245e-19,-0.006742815391,1.991575629e-17,0.9835854498,0.9999580383,0.3248604238,0.007274761105,1,0
84.29999542,0.9974574665,-0.002542533523,1.637142359,0.6461491521,0.9909932065,24.9557317,0,63.18966993,0,0.7348149345,-2.867206526e-19,-0.006746531494,1.734638773e-17,0.9835856235,0.9999580383,0.3248604238,0.007301229874,1,0
84.40000153,0.9974539717,-0.002546028262,1.637197714,0.6460649398,0.9911327744,25.02228517,0,63.18932295,0,0.7347199912,1.015380746e-19,-0.006750521415,6.463539014e-17,0.9836165178,0.9999580383,0.3248604238,0.007291970284,1,0
84.5,0.9974505271,-0.00254947294,1.637238282,0.6459822778,0.9912560047,25.08898323,0,63.18897695,0,0.7346263508,-1.736417542e-19,-0.006754587424,-2.528160413e-17,0.9836165251,0.9999580383,0.3248604238,0.007268635564,1,0
84.59999847,0.9974470794,-0.002552920574,1.637383469,0.6459010368,0.9914824319,25.15582653,0,63.18862868,0,0.7345339762,4.252105395e-19,-0.006758948205,3.665619783e-17,0.9836132234,0.9999580383,0.3248604238,0.007269829828,1,0
84.69999695,0.9974436354,-0.00255636456,1.637283408,0.6458212782,0.9914621298,25.22281698,0,63.18828098,0,0.7344432976,2.744386749e-19,-0.006762628551,5.536567332e-17,0.9835952604,0.9999580383,0.3248604238,0.007279684267,1,0
84.79999542,0.9974401172,-0.00255988281,1.637340814,0.6457441976,0.9915966165,25.28995473,0,63.18793097,0,0.7343550342,2.515687853e-19,-0.006766357518,-2.253700563e-17,0.9836168517,0.9999580383,0.3248604238,0.007270594646,1,0
84.90000153,0.9974366116,-0.00256338836,1.63728492,0.6456672603,0.99161766,25.35724326,0,63.18758711,0,0.7342675247,-5.336307568e-20,-0.006770095818,-1.566672139e-17,0.9836130512,0.9999580383,0.3248604238,0.007274045976,1,0
85,0.9974331347,-0.002566865318,1.637285388,0.6455923936,0.991692994,25.42468103,0,63.18725095,0,0.7341823177,1.185846126e-20,-0.006773542031,-8.424589693e-17,0.9836321612,0.9999580383,0.3248604238,0.007255192168,1,0
85.09999847,0.9974296487,-0.002570351291,1.637277243,0.6455182311,0.9917590123,25.49227117,0,63.18692057,0,0.7340981429,-5.368071303e-20,-0.006777181713,9.586083622e-18,0.9836394202,0.9999580383,0.3248604238,0.007288246688,1,0
85.19999695,0.997426222,-0.002573777967,1.637311166,0.6454440297,0.9918671367,25.56001708,0,63.18659891,0,0.7340148353,1.92276479e-19,-0.006780871428,-1.14546383e-17,0.9836394235,0.9999580383,0.3248604238,0.007262004491,1,0
85.29999542,0.9974227753,-0.002577224667,1.63728708,0.6453717986,0.9919152814,25.62792272,0,63.18627955,0,0.7339342853,-2.16416918e-19,-0.006784444956,-6.46548719e-17,0.9836231779,0.9999580383,0.3248604238,0.0072689902,1,0
85.40000153,0.997419336,-0.002580663978,1.637285857,0.645301597,0.99198426,25.69599134,0,63.18596402,0,0.7338568606,-1.12655382e-19,-0.006787539561,-3.376760372e-17,0.9836202575,0.9999580383,0.3248604238,0.007272218104,1,0
85.5,0.9974158472,-0.002584152791,1.637367154,0.6452324826,0.9921346711,25.76422484,0,63.18564639,0,0.7337818112,-2.049819732e-19,-0.006790551056,-3.866398355e-17,0.9836160768,0.9999580383,0.3248604238,0.007288749843,1,0
85.59999847,0.9974123928,-0.002587607164,1.637384958,0.6451639667,0.9922209909,25.83262893,0,63.18532975,0,0.733708812,4.413041655e-19,-0.00679359262,-5.341093304e-17,0.9836477005,0.9999580383,0.3248604238,0.007253388011,1,0
85.69999695,0.9974088726,-0.002591127412,1.637356926,0.6450975361,0.9922593899,25.90120214,0,63.18500631,0,0.733638828,8.334804201e-19,-0.006796315928,-4.277897548e-17,0.9836158546,0.9999580383,0.3248604238,0.007258965313,1,0
85.79999542,0.9974054451,-0.002594554903,1.637312625,0.6450327195,0.9922799059,25.96995008,0,63.18468558,0,0.7335720167,9.486769009e-20,-0.006799019036,1.274530476e-17,0.9835965113,0.9999580383,0.3248604238,0.007283133303,1,0
85.90000153,0.9974019808,-0.002598019164,1.637339866,0.6449692849,0.9923705808,26.03886902,0,63.18435855,0,0.7335081673,1.829591166e-19,-0.006801703495,2.992207414e-17,0.9835854387,0.9999580383,0.3248604238,0.007305806341,1,0
86,0.9973985412,-0.002601458761,1.637360365,0.6449060589,0.9924543057,26.10795719,0,63.18403225,0,0.7334460952,1.270549421e-20,-0.00680457424,2.463807085e-18,0.9836421515,0.9999580383,0.3248604238,0.00725606568,1,0
86.09999847,0.9973950455,-0.002604954472,1.637389974,0.6448437827,0.9925461914,26.17720889,0,63.18370172,0,0.7333862043,-1.016439537e-19,-0.006807627504,4.278575175e-17,0.9836130546,0.9999580383,0.3248604238,0.00726143796,1,0
86.19999695,0.9973916368,-0.002608363204,1.637334547,0.644784425,0.9925501224,26.24662045,0,63.18337808,0,0.7333300986,-2.185345004e-19,-0.0068105164,2.060809985e-17,0.9836049248,0.9999580383,0.3248604238,0.007288033589,1,0
86.29999542,0.9973881767,-0.002611823297,1.637328086,0.6447264909,0.992601595,26.31618298,0,63.18305497,0,0.7332764855,8.385626178e-20,-0.006813511021,9.546993052e-17,0.9835936457,0.9999580383,0.3248604238,0.007290399052,1,0
86.40000153,0.9973848038,-0.002615196223,1.637375447,0.6446706244,0.9927048224,26.38589394,0,63.18274253,0,0.7332257738,-3.472835084e-20,-0.006816782051,-3.413394547e-17,0.9836029054,0.9999580383,0.3248604238,0.007291865372,1,0
86.5,0.9973813502,-0.002618649754,1.637341076,0.6446162782,0.9927247978,26.45574454,0,63.18243209,0,0.7331771568,2.295459287e-19,-0.006820006375,-5.581862419e-17,0.9836237657,0.9999580383,0.3248604238,0.00726909192,1,0
86.59999847,0.9973779728,-0.002622027155,1.637336354,0.6445640995,0.9927722545,26.5257344,0,63.18213501,0,0.7331311118,-5.717472394e-20,-0.006823645909,-5.826739644e-18,0.9836265454,0.9999580383,0.3248604238,0.00727075744,1,0
86.69999695,0.9973744943,-0.002625505724,1.637306332,0.6445132895,0.9927930427,26.5958581,0,63.18183932,0,0.7330868271,-1.567010952e-19,-0.006827305808,1.006529251e-17,0.9835943541,0.9999580383,0.3248604238,0.007277172215,1,0
86.79999542,0.9973710676,-0.002628932351,1.637316124,0.644464343,0.9928517815,26.66611722,0,63.18155345,0,0.7330443794,6.988021815e-20,-0.006831208385,6.121253e-17,0.9836090783,0.9999580383,0.3248604238,0.007296616439,1,0
86.90000153,0.9973676055,-0.002632394472,1.637331921,0.6444181085,0.9929138124,26.73650771,0,63.18127019,0,0.7330042425,2.685094443e-19,-0.006835420771,4.770701317e-17,0.9836370704,0.9999580383,0.3248604238,0.0072584917,1,0
87,0.9973641592,-0.002635840807,1.637347804,0.6443734324,0.992974372,26.80702861,0,63.18098845,0,0.7329655498,4.002230676e-19,-0.006839961834,8.871071348e-17,0.9836494179,0.9999580383,0.3248604238,0.00725181981,1,0
87.09999847,0.9973607734,-0.002639226631,1.63731662,0.6443312076,0.9929854119,26.8776797,0,63.18070856,0,0.7329286298,5.717472394e-21,-0.006844686698,-4.90246788e-17,0.9835934273,0.9999580383,0.3248604238,0.007285242684,1,0
87.19999695,0.9973574925,-0.002642507512,1.637303466,0.6442913811,0.9930120846,26.94845927,0,63.18043003,0,0.7328932971,2.685094443e-19,-0.006849597021,-2.83118645e-17,0.9835886302,0.9999580383,0.3248604238,0.007284730385,1,0
87.29999542,0.9973541212,-0.002645878772,1.637348209,0.6442540473,0.993094162,27.01935985,0,63.18013667,0,0.7328594325,-7.538593231e-20,-0.006854553832,-8.20084594e-17,0.983610574,0.9999580383,0.3248604238,0.007277795306,1,0
87.40000153,0.9973507227,-0.002649277273,1.637344484,0.6442192255,0.9931252583,27.09037693,0,63.17983083,0,0.7328268946,1.389134033e-19,-0.00685979045,-1.038724974e-16,0.9836147088,0.9999580383,0.3248604238,0.007291903596,1,0
87.5,0.9973473671,-0.002652632936,1.637307614,0.6441864859,0.9931211281,27.1615065,0,63.17951463,0,0.7327953241,7.176486646e-19,-0.006865104173,-2.290122979e-17,0.9836407971,0.9999580383,0.3248604238,0.007272018577,1,0
87.59999847,0.9973440259,-0.002655974072,1.637374715,0.6441568587,0.9932178566,27.2327404,0,63.17918576,0,0.7327654472,-3.472835084e-20,-0.006870427711,-1.286388937e-17,0.9836183963,0.9999580383,0.3248604238,0.007271530099,1,0
87.69999695,0.9973406854,-0.002659314585,1.6373222,0.6441292772,0.993192923,27.30407059,0,63.17884141,0,0.7327363692,-1.643243918e-19,-0.006875928178,2.625802136e-17,0.9835850646,0.9999580383,0.3248604238,0.007280850538,1,0
87.79999542,0.9973374171,-0.002662582897,1.637311162,0.6441040489,0.9932071127,27.37548985,0,63.17848542,0,0.7327083377,-6.776263578e-21,-0.006881607742,-2.732147123e-17,0.9836137326,0.9999580383,0.3248604238,0.00728608673,1,0
87.90000153,0.9973341457,-0.002665854282,1.637308663,0.6440813889,0.9932272737,27.44698566,0,63.17811005,0,0.7326814557,-1.694065895e-20,-0.006887236889,1.101820458e-17,0.9836308204,0.9999580383,0.3248604238,0.007274281692,1,0
88,0.9973308158,-0.002669184246,1.637305524,0.6440620036,0.9932435209,27.5185463,0,63.17771257,0,0.732656276,-2.134523027e-19,-0.006892724943,7.531816967e-18,0.9836132686,0.9999580383,0.3248604238,0.007296130561,1,0
88.09999847,0.9973275728,-0.002672427235,1.63728549,0.6440443292,0.9932411607,27.59016556,0,63.177301,0,0.7326315662,4.777265823e-19,-0.006898307545,2.152818939e-17,0.9836580177,0.9999580383,0.3248604238,0.007250594393,1,0
88.19999695,0.9973242307,-0.002675769302,1.637289369,0.6440290854,0.9932602839,27.66182847,0,63.17686378,0,0.7326081121,3.464364754e-19,-0.006903901731,-1.648834335e-17,0.9836098501,0.9999580383,0.3248604238,0.007301857222,1,0
88.29999542,0.9973209552,-0.002679044821,1.637245884,0.644016298,0.9932295862,27.7335291,0,63.17641134,0,0.7325856475,3.557538378e-20,-0.006909421731,1.316458607e-17,0.9836195421,0.9999580383,0.3248604238,0.007269682453,1,0
88.40000153,0.9973177519,-0.002682248063,1.637279623,0.6440064599,0.9932731636,27.80525905,0,63.17594484,0,0.7325649989,3.04931861e-19,-0.006914723245,3.44547592e-17,0.9836171125,0.9999580383,0.3248604238,0.00726870091,1,0
88.5,0.9973145082,-0.00268549177,1.637264547,0.6439985124,0.9932660346,27.87700782,0,63.1754613,0,0.7325450642,0,-0.00691999669,-4.401183194e-17,0.9836457909,0.9999580383,0.3248604238,0.007259064479,1,0
88.59999847,0.9973112615,-0.002688738489,1.637260583,0.6439926697,0.9932679134,27.94876811,0,63.17496501,0,0.7325262069,-1.76182853e-19,-0.006925292634,-6.946347794e-17,0.9836432023,0.9999580383,0.3248604238,0.007281140217,1,0
88.69999695,0.9973079919,-0.002692008134,1.637246167,0.643989246,0.9932569205,28.02053249,0,63.1744616,0,0.7325087713,1.084202172e-19,-0.006930514353,-2.546181039e-17,0.9836166776,0.9999580383,0.3248604238,0.007264112807,1,0
88.79999542,0.9973047463,-0.002695253716,1.637264391,0.643987733,0.9932766576,28.09229598,0,63.17396101,0,0.7324926204,3.930232875e-19,-0.006935749751,-1.290200585e-17,0.983613374,0.9999580383,0.3248604238,0.007276459858,1,0
88.90000153,0.9973015549,-0.00269844505,1.637260375,0.643988389,0.9932719856,28.16405488,0,63.17347241,0,0.7324777791,1.355252716e-20,-0.006940935334,6.376464027e-18,0.9836344932,0.9999580383,0.3248604238,0.007275793015,1,0
89,0.9972983026,-0.002701697417,1.637242893,0.6439912215,0.993251672,28.2358021,0,63.17299995,0,0.7324644948,4.031876829e-19,-0.00694606894,-2.931072811e-17,0.9836634797,0.9999580383,0.3248604238,0.007265983851,1,0
89.09999847,0.9972950514,-0.002704948593,1.637248668,0.6439959104,0.9932527572,28.30753676,0,63.17256052,0,0.7324526368,7.657177843e-19,-0.006951249904,-8.355132992e-17,0.9836039883,0.9999580383,0.3248604238,0.007274303131,1,0
89.19999695,0.9972918674,-0.002708132615,1.637215736,0.6440028531,0.9932128831,28.37925935,0,63.17217092,0,0.7324424062,-9.486769009e-20,-0.006956568565,5.645982813e-17,0.9836085896,0.9999580383,0.3248604238,0.007271327769,1,0
89.29999542,0.9972887118,-0.002711288217,1.637196973,0.6440120195,0.9931849531,28.45096865,0,63.17184365,0,0.7324340546,-1.694065895e-19,-0.006961837299,9.577570941e-17,0.9836409434,0.9999580383,0.3248604238,0.007261607712,1,0
89.40000153,0.9972855396,-0.002714460423,1.637185412,0.6440230642,0.9931623483,28.52266396,0,63.17159111,0,0.732427372,8.131516294e-20,-0.006967171357,-4.951415796e-17,0.983626607,0.9999580383,0.3248604238,0.007298089026,1,0
89.5,0.9972823609,-0.002717639095,1.637187786,0.6440364015,0.9931513848,28.59434581,0,63.17143111,0,0.7324227169,2.032879073e-19,-0.006972638891,-7.283128094e-17,0.9836085973,0.9999580383,0.3248604238,0.007274460269,1,0
89.59999847,0.997279241,-0.002720759045,1.637126276,0.6440522772,0.9930739991,28.6660156,0,63.17138295,0,0.7324203056,2.541098842e-19,-0.006978127177,-1.599706424e-17,0.9836047437,0.9999580383,0.3248604238,0.007284050013,1,0
89.69999695,0.9972761456,-0.002723854373,1.637167478,0.644069635,0.9930978434,28.73767212,0,63.17145954,0,0.7324194512,5.590417452e-20,-0.006983829675,2.331373484e-17,0.9836431611,0.9999580383,0.3248604238,0.007268779426,1,0
89.79999542,0.9972730033,-0.002726996689,1.637150017,0.6440890464,0.9930609704,28.80931278,0,63.17167074,0,0.7324204778,1.76182853e-19,-0.006989517902,-4.462847192e-17,0.9836454789,0.9999580383,0.3248604238,0.007259519558,1,0
89.90000153,0.9972698825,-0.002730117452,1.637145737,0.6441098503,0.9930358864,28.8809422,0,63.17203338,0,0.7324228921,-3.388131789e-19,-0.0069954288,-2.834511055e-17,0.9836235929,0.9999580383,0.3248604238,0.007291409629,1,0
90,0.9972667587,-0.002733241344,1.637106576,0.6441324672,0.9929741086,28.95256739,0,63.17255844,0,0.7324270603,6.09863722e-20,-0.007001470563,2.452668602e-17,0.9836115877,0.9999580383,0.3248604238,0.007279881134,1,0
90.09999847,0.9972636569,-0.002736343051,1.637094563,0.6441571785,0.9929373845,29.02420718,0,63.17325732,0,0.7324329635,6.030874584e-19,-0.007007239514,4.983264235e-17,0.9835976534,0.9999580383,0.3248604238,0.007290842863,1,0
90.19999695,0.9972605522,-0.002739447799,1.637092489,0.6441845837,0.9929079055,29.09589018,0,63.17413685,0,0.7324407963,3.862470239e-19,-0.00701296015,-5.285485591e-19,0.9836188622,0.9999580383,0.3248604238,0.007266284647,1,0
90.29999542,0.9972574755,-0.002742524498,1.637093299,0.6442133842,0.9928799146,29.16766094,0,63.17520351,0,0.732450039,3.659182332e-19,-0.007018427154,5.338340447e-17,0.9836218115,0.9999580383,0.3248604238,0.007264750492,1,0
90.40000153,0.9972544254,-0.002745574609,1.637021054,0.6442441992,0.9927768547,29.23957825,0,63.17645325,0,0.7324607592,-1.151964808e-19,-0.00702399319,5.171983176e-18,0.9835770567,0.9999580383,0.3248604238,0.007293223758,1,0
90.5,0.9972513832,-0.002748616822,1.6370535,0.6442774793,0.9927760211,29.31171472,0,63.17786849,0,0.7324731678,-4.065758147e-19,-0.007029196663,-2.992397996e-17,0.9836375573,0.9999580383,0.3248604238,0.007271254791,1,0
90.59999847,0.9972483259,-0.002751674066,1.637047726,0.6443139489,0.9927337775,29.38415123,0,63.17941684,0,0.7324874217,-8.267041565e-19,-0.007033967103,-8.795590124e-18,0.9836313102,0.9999580383,0.3248604238,0.007262498601,1,0
90.69999695,0.9972453298,-0.00275467022,1.637028463,0.6443525263,0.9926759363,29.45697404,0,63.18105952,0,0.7325028942,-2.57498016e-19,-0.007038082016,2.000353008e-17,0.9836294149,0.9999580383,0.3248604238,0.007265268366,1,0
90.79999542,0.9972422925,-0.002757707546,1.637023004,0.6443939859,0.9926290184,29.53025958,0,63.18273446,0,0.7325197526,1.626303259e-19,-0.007041772988,1.593777194e-17,0.9836016269,0.9999580383,0.3248604238,0.007294378509,1,0
90.90000153,0.9972392771,-0.002760722896,1.637005639,0.644437506,0.9925681333,29.60407583,0,63.18437905,0,0.7325376803,-1.151964808e-19,-0.007045141256,1.423015351e-17,0.9836294041,0.9999580383,0.3248604238,0.007268298065,1,0
91,0.9972363304,-0.002763669633,1.636983887,0.6444835358,0.9925003516,29.67847053,0,63.1859255,0,0.7325565923,5.285485591e-19,-0.007048136807,-3.92752237e-17,0.9835932454,0.9999580383,0.3248604238,0.007292822255,1,0
91.09999847,0.9972333479,-0.002766652098,1.637018605,0.6445333127,0.9924852922,29.75346561,0,63.18729837,0,0.7325770585,1.084202172e-19,-0.007050174001,9.622294281e-18,0.9836426795,0.9999580383,0.3248604238,0.007255938694,1,0
91.19999695,0.9972303497,-0.002769650281,1.637010434,0.6445869426,0.992423491,29.82906263,0,63.18843868,0,0.7325988562,0,-0.007051412982,3.85501635e-17,0.9836075235,0.9999580383,0.3248604238,0.007270688839,1,0
91.29999542,0.9972273013,-0.002772698717,1.636934933,0.6446435517,0.9922913818,29.90524769,0,63.18929184,0,0.7326214731,-4.065758147e-19,-0.00705249798,3.035088457e-17,0.9836137844,0.9999580383,0.3248604238,0.007273711028,1,0
91.40000153,0.9972244141,-0.002775585909,1.636975778,0.6447049921,0.9922707863,29.98199994,0,63.18983262,0,0.7326455331,1.558540623e-19,-0.007053365202,1.084202172e-17,0.9836364401,0.9999580383,0.3248604238,0.007272000137,1,0
91.5,0.9972214313,-0.002778568663,1.637010487,0.6447693943,0.9922410926,30.05927868,0,63.19001712,0,0.7326703785,2.710505431e-19,-0.007054240924,-8.470329473e-18,0.9836161737,0.9999580383,0.3248604238,0.007271048274,1,0
91.59999847,0.9972185323,-0.002781467664,1.63705144,0.6448378875,0.9922135526,30.13705378,0,63.18985003,0,0.7326963173,-4.946672412e-19,-0.007054722223,-9.500999163e-17,0.9836343441,0.9999580383,0.3248604238,0.007258049586,1,0
91.69999695,0.9972156342,-0.002784365825,1.636988092,0.6449159206,0.9920721715,30.21527935,0,63.1893423,0,0.7327247,-1.965116438e-19,-0.007053770035,6.952446431e-18,0.983563578,0.9999580383,0.3248604238,0.007301706644,1,0
91.79999542,0.9972127029,-0.002787297106,1.63693209,0.6449945815,0.9919375081,30.29390592,0,63.18852713,0,0.7327530114,-6.505213035e-19,-0.007054331085,-6.09863722e-19,0.9836095032,0.9999580383,0.3248604238,0.007283566711,1,0
91.90000153,0.9972097756,-0.002790224446,1.637013431,0.6450759338,0.9919374968,30.37288466,0,63.18745298,0,0.7327817612,-3.659182332e-19,-0.007055445139,4.678332374e-17,0.9835920511,0.9999580383,0.3248604238,0.007300068241,1,0
92,0.9972068742,-0.002793125844,1.636939686,0.6451662902,0.991773396,30.45215453,0,63.18618218,0,0.732812564,-2.642742795e-19,-0.007055237342,-5.094394958e-17,0.9836376878,0.9999579787,0.3248604238,0.007261907899,1,0
92.09999847,0.997204048,-0.002795952005,1.637045881,0.6452554349,0.9917904462,30.53165007,0,63.18478343,0,0.7328430801,-7.453889936e-20,-0.007057134668,-2.482145349e-17,0.9836283167,0.9999580383,0.3248604238,0.007261648186,1,0
92.19999695,0.9972012279,-0.002798772123,1.636943448,0.64534727,0.9915961776,30.61128905,0,63.18332562,0,0.7328739502,4.065758147e-19,-0.007059768899,-4.217546451e-17,0.9836156781,0.9999580383,0.3248604238,0.007288803974,1,0
92.29999542,0.9971984103,-0.002801589739,1.636972524,0.6454441523,0.9915283717,30.69098856,0,63.18187639,0,0.7329062993,-5.421010862e-20,-0.007063450228,3.577867169e-18,0.9836320246,0.9999579787,0.3248604238,0.007267092215,1,0
92.40000153,0.9971955807,-0.002804419256,1.636911618,0.6455442112,0.9913674069,30.77065454,0,63.1805081,0,0.732939431,2.913793339e-19,-0.007067579425,-4.878909776e-19,0.9836087558,0.9999580979,0.3248604238,0.007284183362,1,0
92.5,0.9971927933,-0.002807206655,1.636782911,0.645646718,0.9911361933,30.85019857,0,63.17928941,0,0.7329729273,-3.523657061e-19,-0.007072638293,4.128099772e-17,0.983640547,0.9999580383,0.3248604238,0.007264734138,1,0
92.59999847,0.99718995,-0.002810049997,1.636867301,0.6457521819,0.9911151191,30.92953389,0,63.17827294,0,0.7330073341,2.710505431e-20,-0.007077987657,2.179246367e-17,0.9836325818,0.9999580979,0.3248604238,0.00724904996,1,0
92.69999695,0.9971871054,-0.00281289463,1.636814676,0.645861232,0.9909534439,31.00858596,0,63.17751364,0,0.7330427619,4.743384505e-20,-0.007084143678,3.794707604e-19,0.9835860854,0.9999580383,0.3248604238,0.00728392509,1,0
92.79999542,0.9971843351,-0.002815664914,1.636834563,0.6459748025,0.9908597607,31.08729848,0,63.17705219,0,0.7330794558,2.981555974e-19,-0.007090929917,7.953300562e-17,0.9836471378,0.9999580383,0.3248604238,0.00726099644,1,0
92.90000153,0.9971815498,-0.00281845025,1.636795899,0.6460887192,0.99070718,31.16562278,0,63.17690873,0,0.7331160461,-8.131516294e-20,-0.007098041803,1.187879005e-17,0.9836375493,0.9999579787,0.3248604238,0.007280907299,1,0
93,0.9971787418,-0.002821258235,1.63678209,0.6462046988,0.9905773914,31.24352818,0,63.17709833,0,0.7331531498,-9.486769009e-20,-0.007104902585,-1.767249541e-17,0.983651585,0.9999580979,0.3248604238,0.007266202916,1,0
93.09999847,0.9971759501,-0.002824049925,1.636679653,0.6463215935,0.9903580594,31.32100814,0,63.17762161,0,0.7331902183,-1.965116438e-19,-0.007111421336,-6.451002926e-18,0.9836048051,0.9999580383,0.3248604238,0.007268410295,1,0
93.19999695,0.997173209,-0.002826791039,1.636605135,0.6464416755,0.9901634597,31.39808236,0,63.17846164,0,0.7332278095,-5.827586677e-19,-0.00711810098,3.291908846e-17,0.983598079,0.9999580383,0.3248604238,0.007282368975,1,0
93.29999542,0.9971704338,-0.002829566245,1.636642238,0.6465628821,0.990079356,31.4747923,0,63.17957958,0,0.7332650966,-3.997995511e-19,-0.007123808548,6.91178885e-17,0.9836436234,0.9999580383,0.3248604238,0.007279380469,1,0
93.40000153,0.9971676632,-0.002832336792,1.636686929,0.6466867506,0.9900001783,31.55120245,0,63.18093191,0,0.7333023784,4.065758147e-19,-0.007128766596,-2.35542922e-17,0.9836398331,0.9999580383,0.3248604238,0.007274916002,1,0
93.5,0.9971649633,-0.002835036715,1.636642704,0.6468120125,0.9898306917,31.62740271,0,63.18246371,0,0.7333391341,1.423015351e-19,-0.007133870389,-1.585645677e-17,0.9836032371,0.9999580383,0.3248604238,0.007263815876,1,0
93.59999847,0.9971622155,-0.002837784488,1.636516417,0.6469379375,0.9895784793,31.70349436,0,63.1841005,0,0.7333749712,-2.168404345e-19,-0.007138698039,6.160978845e-17,0.9835624312,0.9999580383,0.3248604238,0.007298054522,1,0
93.69999695,0.9971594847,-0.002840515312,1.636524624,0.6470640202,0.9894606033,31.77958132,0,63.18578453,0,0.7334097937,2.473336206e-19,-0.007142695568,2.982233601e-17,0.9836432205,0.9999579787,0.3248604238,0.00726347324,1,0
93.79999542,0.9971568191,-0.002843180874,1.636401814,0.6471906652,0.9892111488,31.85576448,0,63.18745997,0,0.7334439483,-2.778268067e-19,-0.007145479106,2.520770051e-18,0.9836483057,0.9999579787,0.3248604238,0.007287929269,1,0
93.90000153,0.9971540889,-0.002845911075,1.636264571,0.6473172093,0.9889473619,31.93213813,0,63.18906457,0,0.7334767166,-2.371692252e-19,-0.007147797342,8.725116983e-17,0.9835925398,0.9999580383,0.3248604238,0.007284604145,1,0
94,0.9971513744,-0.002848625593,1.636512313,0.6474424719,0.9890698411,32.00878476,0,63.19055727,0,0.7335080839,-3.455894425e-19,-0.00714946952,-4.512991543e-18,0.98358669,0.9999579787,0.3248604238,0.007297117877,1,0
94.09999847,0.9971486674,-0.002851332631,1.636511642,0.6475696474,0.9889419947,32.08576421,0,63.19190251,0,0.7335386866,-2.303929617e-19,-0.007151160013,-3.838075691e-17,0.9836427567,0.9999579787,0.3248604238,0.007246583356,1,0
94.19999695,0.99714593,-0.002854070006,1.636514203,0.6476958113,0.9888183918,32.16311267,0,63.19307234,0,0.7335676315,-3.726944968e-19,-0.007152427612,2.607506225e-17,0.9836522484,0.9999579787,0.3248604238,0.007260044271,1,0
94.29999542,0.9971432644,-0.002856735625,1.636471033,0.6478225717,0.9886484614,32.24085567,0,63.19405361,0,0.7335954142,-3.523657061e-19,-0.007154181465,-2.646808554e-17,0.9836160862,0.9999579191,0.3248604238,0.007281425148,1,0
94.40000153,0.9971406199,-0.002859380097,1.636391005,0.6479463816,0.9884446236,32.31898931,0,63.19483594,0,0.7336211315,6.09863722e-20,-0.007156328252,4.163336342e-17,0.9836098382,0.9999579787,0.3248604238,0.007291264419,1,0
94.5,0.9971379949,-0.002862005126,1.636487685,0.648071231,0.9884164541,32.39749082,0,63.19542335,0,0.7336458256,-1.829591166e-19,-0.00715932362,-2.608861478e-18,0.9836414526,0.9999579191,0.3248604238,0.007272021666,1,0
94.59999847,0.9971353348,-0.002864665224,1.63653332,0.6481919845,0.9883413356,32.47632594,0,63.1958219,0,0.7336684441,-2.032879073e-19,-0.007162864865,-5.97395397e-17,0.9835949567,0.9999579191,0.3248604238,0.007293451266,1,0
94.69999695,0.9971326915,-0.002867308473,1.636539276,0.648311794,0.9882274822,32.55545079,0,63.19605703,0,0.7336893194,5.014435048e-19,-0.007167498687,1.047610349e-17,0.9836403163,0.9999579787,0.3248604238,0.007255784426,1,0
94.79999542,0.9971299905,-0.002870009456,1.636809696,0.6484264257,0.9883832707,32.63481664,0,63.19614996,0,0.7337080886,5.285485591e-19,-0.007171478327,-6.505213035e-17,0.9836593371,0.9999579787,0.3248604238,0.00727672114,1,0
94.90000153,0.9971273289,-0.002872671054,1.636633825,0.6485407313,0.9880930937,32.71437791,0,63.19613794,0,0.7337251594,8.809142651e-20,-0.007176668802,-2.963260063e-17,0.9836375489,0.9999579787,0.3248604238,0.007262424425,1,0
95,0.9971246679,-0.002875332055,1.636595039,0.6486506676,0.9879443712,32.79409047,0,63.19604857,0,0.733739552,7.115076757e-20,-0.007182614382,1.86415011e-17,0.9836132967,0.9999579787,0.3248604238,0.007259260006,1,0
95.09999847,0.9971220003,-0.002877999736,1.636388825,0.6487583842,0.9876304405,32.87391419,0,63.19591138,0,0.7337512583,3.320369153e-19,-0.007189591787,3.863825492e-17,0.9836124373,0.9999579191,0.3248604238,0.007274483116,1,0
95.19999695,0.9971194827,-0.002880517342,1.63665188,0.6488607808,0.9877910994,32.95381822,0,63.19576487,0,0.733759638,-3.083199928e-19,-0.007196468149,6.864355005e-18,0.9836476115,0.9999579191,0.3248604238,0.007276263473,1,0
95.29999542,0.9971168417,-0.002883158304,1.636602571,0.6489589992,0.9876435717,33.03376325,0,63.19562,0,0.7337638305,-4.98055373e-19,-0.007204460337,-1.724897894e-17,0.9836517946,0.9999579191,0.3248604238,0.007263430215,1,0
95.40000153,0.9971141984,-0.002885801565,1.636441242,0.6490542871,0.9873869548,33.11372103,0,63.19550988,0,0.7337643819,-4.438452644e-19,-0.007212632931,2.551940863e-17,0.983570895,0.9999579191,0.3248604238,0.007290229483,1,0
95.5,0.9971115645,-0.002888435468,1.636506749,0.6491401135,0.9873666358,33.19366339,0,63.19546039,0,0.7337600063,3.117081246e-19,-0.007220088636,-1.387439968e-17,0.9835697397,0.9999579787,0.3248604238,0.007292734801,1,0
95.59999847,0.9971089301,-0.002891069891,1.636588202,0.6492198742,0.9873683279,33.27357253,0,63.1954818,0,0.7337501736,-4.573977915e-19,-0.007227229182,-3.34137557e-17,0.9836561597,0.9999579191,0.3248604238,0.007257418633,1,0
95.69999695,0.9971063614,-0.002893638572,1.636429373,0.6492949535,0.9871344194,33.35343316,0,63.19558991,0,0.7337349303,2.710505431e-20,-0.007235942973,2.507217524e-18,0.9836447876,0.9999579191,0.3248604238,0.007283332338,1,0
95.79999542,0.99710377,-0.002896229997,1.636484998,0.6493629217,0.9871220762,33.4332299,0,63.19578597,0,0.7337138872,1.829591166e-19,-0.007244418296,-2.559733567e-17,0.9836476311,0.9999579191,0.3248604238,0.007265811599,1,0
95.90000153,0.997101189,-0.002898810987,1.636668273,0.64942452,0.9872437529,33.51295508,0,63.19607209,0,0.7336871,5.759824041e-20,-0.007253088576,-2.10606272e-17,0.9835896314,0.9999578595,0.3248604238,0.007268703668,1,0
96,0.997098663,-0.002901336975,1.63644969,0.6494780703,0.9869716195,33.5926091,0,63.1964452,0,0.7336536619,-2.066760391e-19,-0.00726152799,-3.383049591e-17,0.9836060481,0.9999578595,0.3248604238,0.007290828734,1,0
96.09999847,0.9970959648,-0.002904035235,1.63645895,0.6495233514,0.9869355983,33.67218397,0,63.19688485,0,0.7336135825,1.558540623e-19,-0.00727028484,5.219755834e-17,0.9836668514,0.9999579191,0.3248604238,0.00724571788,1,0
96.19999695,0.9970933861,-0.002906613888,1.636433412,0.6495606427,0.9868727692,33.75169178,0,63.19740046,0,0.7335672338,7.115076757e-20,-0.007277815996,-8.265008686e-17,0.9836077896,0.9999578595,0.3248604238,0.007277073737,1,0
96.29999542,0.9970907358,-0.002909264221,1.636348355,0.6495911149,0.9867572401,33.83113392,0,63.19796958,0,0.7335145606,3.150962564e-19,-0.007285293597,3.51772783e-17,0.9835660557,0.9999577999,0.3248604238,0.007294669775,1,0
96.40000153,0.9970881464,-0.00291185363,1.63665917,0.649612828,0.9870463422,33.91052487,0,63.19858803,0,0.7334557134,7.792703115e-20,-0.007292492613,1.610717852e-17,0.9835773131,0.9999577999,0.3248604238,0.007305146909,1,0
96.5,0.9970855746,-0.002914425439,1.636780196,0.6496254255,0.9871547704,33.98987634,0,63.19924197,0,0.7333914173,8.470329473e-20,-0.007298407134,-3.897029184e-17,0.9836759071,0.9999578595,0.3248604238,0.007237479843,1,0
96.59999847,0.997083007,-0.002916993047,1.637081531,0.6496290654,0.9874524652,34.06920263,0,63.19991761,0,0.7333218885,1.507718646e-19,-0.00730308427,1.544988096e-18,0.9836122741,0.9999578595,0.3248604238,0.007270933597,1,0
96.69999695,0.9970804423,-0.00291955772,1.636438162,0.6496252608,0.9868129007,34.14852033,0,63.20060282,0,0.7332474597,3.69306365e-19,-0.007307237227,3.61310374e-17,0.9835909882,0.9999577999,0.3248604238,0.007296733342,1,0
96.79999542,0.9970779005,-0.002922099524,1.63686416,0.6496133039,0.9872508562,34.22784626,0,63.20128531,0,0.7331677657,-2.862971362e-19,-0.007311343014,5.864009094e-17,0.9835733558,0.9999578595,0.3248604238,0.007296145692,1,0
96.90000153,0.997075369,-0.002924631006,1.636790653,0.6495932023,0.9871974504,34.30719566,0,63.20195248,0,0.7330836232,2.57498016e-19,-0.007315094942,-5.278709327e-17,0.9836305199,0.9999577999,0.3248604238,0.007268332306,1,0
97,0.9970727971,-0.002927202931,1.637046294,0.6495648275,0.9874814661,34.38657877,0,63.20259081,0,0.7329945557,-2.913793339e-19,-0.00731873919,5.7561818e-17,0.98364785,0.9999578595,0.3248604238,0.007259741915,1,0
97.09999847,0.9970702005,-0.002929799474,1.636970086,0.6495298023,0.9874402838,34.46600687,0,63.2031902,0,0.732901446,3.896351557e-20,-0.007322524072,1.91581912e-17,0.9836261429,0.9999577999,0.3248604238,0.007272448427,1,0
97.19999695,0.9970676857,-0.002932314286,1.636538439,0.6494870142,0.987051425,34.54548916,0,63.20375221,0,0.7328060285,-1.795709848e-19,-0.007324627248,-6.584156506e-17,0.9835948273,0.9999577999,0.3248604238,0.007292790466,1,0
97.29999542,0.9970650857,-0.002934914318,1.636998528,0.6494363818,0.9875621462,34.62502411,0,63.20426359,0,0.7327066316,-3.227195529e-19,-0.007327414698,2.453261525e-17,0.9835737765,0.9999578595,0.3248604238,0.007301426336,1,0
97.40000153,0.9970624849,-0.002937515141,1.637226849,0.6493789774,0.9878478711,34.70461569,0,63.20473128,0,0.732605014,-2.388632911e-19,-0.007329714899,5.221788713e-17,0.9836351998,0.9999578595,0.3248604238,0.007257652349,1,0
97.5,0.9970598515,-0.002940148517,1.637404233,0.6493158342,0.9880883992,34.78426375,0,63.2051561,0,0.7325016754,1.634773588e-19,-0.007331607436,6.150645043e-17,0.9836218833,0.9999578595,0.3248604238,0.007272823544,1,0
97.59999847,0.9970572751,-0.002942724898,1.636940765,0.6492463025,0.9876944627,34.86397025,0,63.20555049,0,0.7323965257,-3.472835084e-20,-0.007333349175,-1.385364737e-17,0.9835949796,0.9999578595,0.3248604238,0.007284705162,1,0
97.69999695,0.9970547115,-0.002945288504,1.637347595,0.6491716537,0.9881759414,34.94373283,0,63.20591669,0,0.7322911563,-5.107608672e-19,-0.00733405027,-1.172208896e-17,0.9835979461,0.9999578595,0.3248604238,0.007281262589,1,0
97.79999542,0.9970521021,-0.002947897917,1.637310751,0.6490916691,0.9882190819,35.02354583,0,63.20625604,0,0.7321847834,-1.016439537e-19,-0.0073341176,2.994176765e-17,0.9835875004,0.9999578595,0.3248604238,0.007289168387,1,0
97.90000153,0.997049533,-0.002950467035,1.637391476,0.6490064117,0.9883850642,35.10340501,0,63.20657895,0,0.7320772737,3.837059251e-19,-0.007334402846,3.287716033e-17,0.9836538546,0.9999578595,0.3248604238,0.007257991673,1,0
98,0.9970468982,-0.002953101756,1.637338795,0.6489165482,0.9884222472,35.1832965,0,63.20688196,0,0.7319690269,1.694065895e-20,-0.007335215363,-7.462953188e-17,0.9836335965,0.9999578595,0.3248604238,0.007290755244,1,0
98.09999847,0.9970443224,-0.002955677624,1.637528274,0.6488228854,0.9887053882,35.26321,0,63.20717811,0,0.7318600884,2.447925218e-19,-0.007335785906,-3.467752886e-18,0.9836445565,0.9999578595,0.3248604238,0.007262406516,1,0
98.19999695,0.9970417004,-0.002958299594,1.637455005,0.6487251254,0.9887298801,35.34312413,0,63.20746633,0,0.7317499768,3.489775743e-19,-0.007336935912,-8.088317613e-18,0.9836079208,0.9999578595,0.3248604238,0.007285419201,1,0
98.29999542,0.9970390263,-0.002960973663,1.637284496,0.6486241408,0.988660355,35.42301997,0,63.20775358,0,0.7316390907,-2.134523027e-19,-0.007339081229,3.568782741e-17,0.9835965027,0.9999578595,0.3248604238,0.007295874844,1,0
98.40000153,0.9970363875,-0.002963612512,1.637492592,0.6485181656,0.9889744262,35.50288268,0,63.20804923,0,0.731525439,-1.185846126e-19,-0.007341892671,2.428739921e-17,0.9836573835,0.9999578595,0.3248604238,0.007273878366,1,0
98.5,0.9970337332,-0.002966266779,1.63736851,0.6484124779,0.9889560318,35.58269567,0,63.20835817,0,0.7314138175,-4.404571326e-19,-0.007344297274,-5.17130555e-17,0.983688126,0.9999578595,0.3248604238,0.007255697732,1,0
98.59999847,0.9970311664,-0.002968833602,1.637489348,0.6483037279,0.9891856199,35.66245365,0,63.20869037,0,0.7313008367,2.032879073e-20,-0.007347420515,1.567180359e-17,0.9833437325,0.9999578595,0,0.007582669588,1,0
98.69999695,0.9970285501,-0.002971449918,1.637350067,0.6481942054,0.9891558618,35.74214925,0,63.20904008,0,0.731188456,3.083199928e-19,-0.007350955311,4.331430031e-17,0.9836483239,0.9999578595,0.3248604238,0.007259196554,1,0
98.79999542,0.9970259689,-0.002974031102,1.637417771,0.6480829611,0.98933481,35.82179098,0,63.20941437,0,0.7310751429,-8.470329473e-20,-0.007354323492,-7.713293776e-18,0.9836610292,0.9999578595,0.3248604238,0.007274348668,1,0
98.90000153,0.997023394,-0.002976606021,1.637640964,0.6479698392,0.9896711248,35.90139073,0,63.20980854,0,0.7309608321,-3.112846081e-19,-0.007358175609,-1.575269524e-17,0.9836424014,0.9999578595,0.3248604238,0.007263551494,1,0
99,0.9970207332,-0.002979266833,1.637443998,0.6478564579,0.9895875404,35.98096535,0,63.21021598,0,0.7308470053,8.597384415e-20,-0.007361232889,2.009882129e-17,0.9835882663,0.9999578595,0.3248604238,0.007271818982,1,0
99.09999847,0.9970181097,-0.002981890328,1.637371226,0.6477413086,0.9896299173,36.06054608,0,63.21064043,0,0.7307318359,-3.388131789e-19,-0.007364617156,3.641055827e-17,0.9836048765,0.9999578595,0.3248604238,0.007279488264,1,0
99.19999695,0.9970154743,-0.00298452569,1.637573612,0.647627302,0.9899463102,36.14016174,0,63.21107555,0,0.7306182623,-5.658180088e-19,-0.007367232975,-7.485230155e-18,0.9836607871,0.9999578595,0.3248604238,0.007248995394,1,0
99.29999542,0.9970128118,-0.002987188224,1.637603699,0.6475127726,0.9900909263,36.21984596,0,63.21152073,0,0.730504373,-2.57498016e-19,-0.007370182184,7.176486646e-18,0.9836159636,0.9999578595,0.3248604238,0.007274612574,1,0
99.40000153,0.9970101353,-0.002989864734,1.637340841,0.6473979024,0.9899429384,36.29963353,0,63.21197565,0,0.7303905536,4.319868031e-20,-0.007372932068,3.161973992e-18,0.9835875511,0.9999578595,0.3248604238,0.007285995848,1,0
99.5,0.9970074587,-0.002992541269,1.637675265,0.6472833098,0.9903919555,36.37955587,0,63.2124412,0,0.7302773891,-3.921762546e-19,-0.007375580813,1.017604207e-17,0.9836002764,0.9999578595,0.3248604238,0.007301533191,1,0
99.59999847,0.9970047741,-0.002995225924,1.637333175,0.6471670538,0.9901661217,36.45963996,0,63.21291815,0,0.730163151,1.007969207e-19,-0.007378212564,-1.646187357e-17,0.983655616,0.9999578595,0.3248604238,0.007251818813,1,0
99.69999695,0.9970020892,-0.002997910786,1.637677037,0.6470523149,0.9906247223,36.53990352,0,63.2134091,0,0.7300507176,-3.506716402e-19,-0.007380158846,7.116135548e-18,0.9836340805,0.9999578595,0.3248604238,0.007268082628,1,0
99.79999542,0.9969993904,-0.003000609559,1.637449097,0.6469375323,0.9905115652,36.62035275,0,63.21391102,0,0.7299383856,2.435219723e-20,-0.007381856948,8.535360427e-17,0.9835944495,0.9999578595,0.3248604238,0.00727861465,1,0
99.90000153,0.9969967248,-0.003003275187,1.637512638,0.6468220289,0.990690609,36.7009825,0,63.21442506,0,0.7298261886,-7.115076757e-20,-0.007384344031,-7.679740683e-17,0.983593863,0.9999578595,0.3248604238,0.00728141196,1,0
99.98999786,0.9969942582,-0.003005741762,1.637447667,0.6467193404,0.9907283262,36.77368463,0,63.21488869,0,0.7297267227,9.867933836e-20,-0.00738613329,-4.489592258e-17,0.9835893856,0.9999578595,0.3248604238,0.007280583016,1,0
