x,y,R
0,0,0.338453
1,0,0.744136
2,0,0.739343
3,0,0.734442
4,0,0.729434
5,0,0.724314
6,0,0.719082
7,0,0.713735
8,0,0.708273
9,0,0.702693
10,0,0.696994
11,0,0.691174
12,0,0.685231
13,0,0.679166
14,0,0.672976
15,0,0.559016
16,0,0.542554
17,0,0.653651
18,0,0.646956
19,0,0.640134
20,0,0.633185
21,0,0.626111
22,0,0.618911
23,0,0.611587
24,0,0.604142
25,0,0.596576
26,0,0.588893
27,0,0.581096
28,0,0.573189
29,0,0.565176
30,0,0.557063
31,0,0.496631
32,0,0.454957
33,0,0.532183
34,0,0.523735
35,0,0.515225
36,0,0.506664
37,0,0.498063
38,0,0.489435
39,0,0.480796
40,0,0.47216
41,0,0.463545
42,0,0.45497
43,0,0.446456
44,0,0.438024
45,0,0.429699
46,0,0.421506
47,0,0.44647
48,0,0.371444
49,0,0.398005
50,0,0.390633
51,0,0.383547
52,0,0.376784
53,0,0.370377
54,0,0.364366
55,0,0.358785
56,0,0.353672
57,0,0.349062
58,0,0.344989
59,0,0.341484
60,0,0.338574
61,0,0.336285
62,0,0.334635
63,0,0.454486
64,0,0.356306
65,0,0.333639
66,0,0.334635
67,0,0.336285
68,0,0.338574
69,0,0.341484
70,0,0.344989
71,0,0.349063
72,0,0.353672
73,0,0.358785
74,0,0.364366
75,0,0.370377
76,0,0.376784
77,0,0.383547
78,0,0.390633
79,0,0.534339
80,0,0.438361
81,0,0.413473
82,0,0.421506
83,0,0.429699
84,0,0.438024
85,0,0.446456
86,0,0.45497
87,0,0.463545
88,0,0.47216
89,0,0.480796
90,0,0.489435
91,0,0.498063
92,0,0.506664
93,0,0.515225
94,0,0.523735
95,0,0.640008
96,0,0.553135
97,0,0.548855
98,0,0.557063
99,0,0.565176
100,0,0.573189
101,0,0.581096
102,0,0.588893
103,0,0.596576
104,0,0.604142
105,0,0.611588
106,0,0.618911
107,0,0.626111
108,0,0.633186
109,0,0.640134
110,0,0.646956
111,0,0.73256
112,0,0.652567
113,0,0.66666
114,0,0.672976
115,0,0.679166
116,0,0.685232
117,0,0.691174
118,0,0.696994
119,0,0.702693
120,0,0.708273
121,0,0.713736
122,0,0.719082
123,0,0.724314
124,0,0.729434
125,0,0.734443
126,0,0.739343
127,0,0.526601
0,1,0.744136
1,1,0.999958
2,1,0.999957
3,1,0.999957
4,1,0.999956
5,1,0.999955
6,1,0.999954
7,1,0.999954
8,1,0.999953
9,1,0.999952
10,1,0.999952
11,1,0.999951
12,1,0.99995
13,1,0.999949
14,1,0.999949
15,1,0.999948
16,1,0.999947
17,1,0.999946
18,1,0.999945
19,1,0.999944
20,1,0.999943
21,1,0.999943
22,1,0.999942
23,1,0.999941
24,1,0.99994
25,1,0.999939
26,1,0.999938
27,1,0.999937
28,1,0.999937
29,1,0.999936
30,1,0.999935
31,1,0.999934
32,1,0.999933
33,1,0.999932
34,1,0.999932
35,1,0.999931
36,1,0.99993
37,1,0.999929
38,1,0.999928
39,1,0.999927
40,1,0.999927
41,1,0.999926
42,1,0.999925
43,1,0.999924
44,1,0.999924
45,1,0.999923
46,1,0.999922
47,1,0.999922
48,1,0.999921
49,1,0.99992
50,1,0.99992
51,1,0.999919
52,1,0.999919
53,1,0.999919
54,1,0.999918
55,1,0.999918
56,1,0.999917
57,1,0.999917
58,1,0.999917
59,1,0.999916
60,1,0.999916
61,1,0.999916
62,1,0.999916
63,1,0.999916
64,1,0.999916
65,1,0.999916
66,1,0.999916
67,1,0.999916
68,1,0.999916
69,1,0.999916
70,1,0.999917
71,1,0.999917
72,1,0.999917
73,1,0.999918
74,1,0.999918
75,1,0.999918
76,1,0.999919
77,1,0.999919
78,1,0.99992
79,1,0.99992
80,1,0.999921
81,1,0.999922
82,1,0.999922
83,1,0.999923
84,1,0.999924
85,1,0.999924
86,1,0.999925
87,1,0.999926
88,1,0.999927
89,1,0.999927
90,1,0.999928
91,1,0.999929
92,1,0.99993
93,1,0.999931
94,1,0.999932
95,1,0.999932
96,1,0.999933
97,1,0.999934
98,1,0.999935
99,1,0.999936
100,1,0.999937
101,1,0.999937
102,1,0.999938
103,1,0.999939
104,1,0.99994
105,1,0.999941
106,1,0.999942
107,1,0.999943
108,1,0.999943
109,1,0.999944
110,1,0.999945
111,1,0.999946
112,1,0.999947
113,1,0.999948
114,1,0.999948
115,1,0.999949
116,1,0.99995
117,1,0.999951
118,1,0.999952
119,1,0.999952
120,1,0.999953
121,1,0.999954
122,1,0.999955
123,1,0.999955
124,1,0.999956
125,1,0.999957
126,1,0.999957
127,1,0.744155
0,2,0.739343
1,2,0.999957
2,2,0.999957
3,2,0.999956
4,2,0.999955
5,2,0.999954
6,2,0.999954
7,2,0.999953
8,2,0.999952
9,2,0.999951
10,2,0.999951
11,2,0.99995
12,2,0.999949
13,2,0.999948
14,2,0.999947
15,2,0.999947
16,2,0.999946
17,2,0.999945
18,2,0.999944
19,2,0.999943
20,2,0.999942
21,2,0.999941
22,2,0.999941
23,2,0.99994
24,2,0.999939
25,2,0.999938
26,2,0.999937
27,2,0.999936
28,2,0.999935
29,2,0.999934
30,2,0.999933
31,2,0.999932
32,2,0.999932
33,2,0.999931
34,2,0.99993
35,2,0.999929
36,2,0.999928
37,2,0.999927
38,2,0.999926
39,2,0.999925
40,2,0.999925
41,2,0.999924
42,2,0.999923
43,2,0.999922
44,2,0.999921
45,2,0.999921
46,2,0.99992
47,2,0.999919
48,2,0.999919
49,2,0.999918
50,2,0.999917
51,2,0.999917
52,2,0.999916
53,2,0.999916
54,2,0.999915
55,2,0.999915
56,2,0.999915
57,2,0.999914
58,2,0.999914
59,2,0.999914
60,2,0.999914
61,2,0.999913
62,2,0.999913
63,2,0.999913
64,2,0.999913
65,2,0.999913
66,2,0.999913
67,2,0.999913
68,2,0.999914
69,2,0.999914
70,2,0.999914
71,2,0.999914
72,2,0.999915
73,2,0.999915
74,2,0.999915
75,2,0.999916
76,2,0.999916
77,2,0.999917
78,2,0.999917
79,2,0.999918
80,2,0.999919
81,2,0.999919
82,2,0.99992
83,2,0.999921
84,2,0.999921
85,2,0.999922
86,2,0.999923
87,2,0.999924
88,2,0.999925
89,2,0.999925
90,2,0.999926
91,2,0.999927
92,2,0.999928
93,2,0.999929
94,2,0.99993
95,2,0.999931
96,2,0.999931
97,2,0.999932
98,2,0.999933
99,2,0.999934
100,2,0.999935
101,2,0.999936
102,2,0.999937
103,2,0.999938
104,2,0.999939
105,2,0.99994
106,2,0.999941
107,2,0.999941
108,2,0.999942
109,2,0.999943
110,2,0.999944
111,2,0.999945
112,2,0.999946
113,2,0.999947
114,2,0.999947
115,2,0.999948
116,2,0.999949
117,2,0.99995
118,2,0.999951
119,2,0.999951
120,2,0.999952
121,2,0.999953
122,2,0.999954
123,2,0.999954
124,2,0.999955
125,2,0.999956
126,2,0.999957
127,2,0.739362
0,3,0.734442
1,3,0.999957
2,3,0.999956
3,3,0.999955
4,3,0.999954
5,3,0.999954
6,3,0.999953
7,3,0.999952
8,3,0.999951
9,3,0.999951
10,3,0.99995
11,3,0.999949
12,3,0.999948
13,3,0.999947
14,3,0.999946
15,3,0.999946
16,3,0.999945
17,3,0.999944
18,3,0.999943
19,3,0.999942
20,3,0.999941
21,3,0.99994
22,3,0.999939
23,3,0.999938
24,3,0.999937
25,3,0.999936
26,3,0.999935
27,3,0.999934
28,3,0.999934
29,3,0.999933
30,3,0.999932
31,3,0.999931
32,3,0.99993
33,3,0.999929
34,3,0.999928
35,3,0.999927
36,3,0.999926
37,3,0.999925
38,3,0.999924
39,3,0.999923
40,3,0.999922
41,3,0.999922
42,3,0.999921
43,3,0.99992
44,3,0.999919
45,3,0.999918
46,3,0.999918
47,3,0.999917
48,3,0.999916
49,3,0.999915
50,3,0.999915
51,3,0.999914
52,3,0.999914
53,3,0.999913
54,3,0.999913
55,3,0.999912
56,3,0.999912
57,3,0.999912
58,3,0.999911
59,3,0.999911
60,3,0.999911
61,3,0.999911
62,3,0.99991
63,3,0.99991
64,3,0.99991
65,3,0.99991
66,3,0.99991
67,3,0.999911
68,3,0.999911
69,3,0.999911
70,3,0.999911
71,3,0.999912
72,3,0.999912
73,3,0.999912
74,3,0.999913
75,3,0.999913
76,3,0.999914
77,3,0.999914
78,3,0.999915
79,3,0.999915
80,3,0.999916
81,3,0.999917
82,3,0.999918
83,3,0.999918
84,3,0.999919
85,3,0.99992
86,3,0.999921
87,3,0.999922
88,3,0.999922
89,3,0.999923
90,3,0.999924
91,3,0.999925
92,3,0.999926
93,3,0.999927
94,3,0.999928
95,3,0.999929
96,3,0.99993
97,3,0.999931
98,3,0.999932
99,3,0.999933
100,3,0.999933
101,3,0.999934
102,3,0.999935
103,3,0.999936
104,3,0.999937
105,3,0.999938
106,3,0.999939
107,3,0.99994
108,3,0.999941
109,3,0.999942
110,3,0.999943
111,3,0.999944
112,3,0.999945
113,3,0.999946
114,3,0.999946
115,3,0.999947
116,3,0.999948
117,3,0.999949
118,3,0.99995
119,3,0.999951
120,3,0.999951
121,3,0.999952
122,3,0.999953
123,3,0.999954
124,3,0.999954
125,3,0.999955
126,3,0.999956
127,3,0.734462
0,4,0.729434
1,4,0.999956
2,4,0.999955
3,4,0.999954
4,4,0.999954
5,4,0.999953
6,4,0.999952
7,4,0.999951
8,4,0.99995
9,4,0.99995
10,4,0.999949
11,4,0.999948
12,4,0.999947
13,4,0.999946
14,4,0.999945
15,4,0.999944
16,4,0.999943
17,4,0.999943
18,4,0.999942
19,4,0.999941
20,4,0.99994
21,4,0.999939
22,4,0.999938
23,4,0.999937
24,4,0.999936
25,4,0.999935
26,4,0.999934
27,4,0.999933
28,4,0.999932
29,4,0.999931
30,4,0.99993
31,4,0.999929
32,4,0.999928
33,4,0.999927
34,4,0.999926
35,4,0.999925
36,4,0.999924
37,4,0.999923
38,4,0.999922
39,4,0.999921
40,4,0.99992
41,4,0.999919
42,4,0.999918
43,4,0.999917
44,4,0.999917
45,4,0.999916
46,4,0.999915
47,4,0.999914
48,4,0.999914
49,4,0.999913
50,4,0.999912
51,4,0.999911
52,4,0.999911
53,4,0.99991
54,4,0.99991
55,4,0.999909
56,4,0.999909
57,4,0.999909
58,4,0.999908
59,4,0.999908
60,4,0.999908
61,4,0.999907
62,4,0.999907
63,4,0.999907
64,4,0.999907
65,4,0.999907
66,4,0.999907
67,4,0.999907
68,4,0.999908
69,4,0.999908
70,4,0.999908
71,4,0.999909
72,4,0.999909
73,4,0.999909
74,4,0.99991
75,4,0.99991
76,4,0.999911
77,4,0.999911
78,4,0.999912
79,4,0.999913
80,4,0.999914
81,4,0.999914
82,4,0.999915
83,4,0.999916
84,4,0.999917
85,4,0.999918
86,4,0.999918
87,4,0.999919
88,4,0.99992
89,4,0.999921
90,4,0.999922
91,4,0.999923
92,4,0.999924
93,4,0.999925
94,4,0.999926
95,4,0.999927
96,4,0.999928
97,4,0.999929
98,4,0.99993
99,4,0.999931
100,4,0.999932
101,4,0.999933
102,4,0.999934
103,4,0.999935
104,4,0.999936
105,4,0.999937
106,4,0.999938
107,4,0.999939
108,4,0.99994
109,4,0.999941
110,4,0.999942
111,4,0.999943
112,4,0.999943
113,4,0.999944
114,4,0.999945
115,4,0.999946
116,4,0.999947
117,4,0.999948
118,4,0.999949
119,4,0.99995
120,4,0.99995
121,4,0.999951
122,4,0.999952
123,4,0.999953
124,4,0.999954
125,4,0.999954
126,4,0.999955
127,4,0.729454
0,5,0.724314
1,5,0.999955
2,5,0.999954
3,5,0.999954
4,5,0.999953
5,5,0.999952
6,5,0.999951
7,5,0.99995
8,5,0.99995
9,5,0.999949
10,5,0.999948
11,5,0.999947
12,5,0.999946
13,5,0.999945
14,5,0.999944
15,5,0.999943
16,5,0.999942
17,5,0.999941
18,5,0.99994
19,5,0.999939
20,5,0.999938
21,5,0.999937
22,5,0.999936
23,5,0.999935
24,5,0.999934
25,5,0.999933
26,5,0.999932
27,5,0.999931
28,5,0.99993
29,5,0.999929
30,5,0.999928
31,5,0.999927
32,5,0.999926
33,5,0.999925
34,5,0.999924
35,5,0.999923
36,5,0.999922
37,5,0.999921
38,5,0.99992
39,5,0.999919
40,5,0.999918
41,5,0.999917
42,5,0.999916
43,5,0.999915
44,5,0.999914
45,5,0.999913
46,5,0.999912
47,5,0.999912
48,5,0.999911
49,5,0.99991
50,5,0.999909
51,5,0.999909
52,5,0.999908
53,5,0.999907
54,5,0.999907
55,5,0.999906
56,5,0.999906
57,5,0.999906
58,5,0.999905
59,5,0.999905
60,5,0.999905
61,5,0.999904
62,5,0.999904
63,5,0.999904
64,5,0.999904
65,5,0.999904
66,5,0.999904
67,5,0.999904
68,5,0.999905
69,5,0.999905
70,5,0.999905
71,5,0.999906
72,5,0.999906
73,5,0.999906
74,5,0.999907
75,5,0.999907
76,5,0.999908
77,5,0.999909
78,5,0.999909
79,5,0.99991
80,5,0.999911
81,5,0.999912
82,5,0.999912
83,5,0.999913
84,5,0.999914
85,5,0.999915
86,5,0.999916
87,5,0.999917
88,5,0.999918
89,5,0.999919
90,5,0.99992
91,5,0.999921
92,5,0.999922
93,5,0.999923
94,5,0.999924
95,5,0.999925
96,5,0.999926
97,5,0.999927
98,5,0.999928
99,5,0.999929
100,5,0.99993
101,5,0.999931
102,5,0.999932
103,5,0.999933
104,5,0.999934
105,5,0.999935
106,5,0.999936
107,5,0.999937
108,5,0.999938
109,5,0.999939
110,5,0.99994
111,5,0.999941
112,5,0.999942
113,5,0.999943
114,5,0.999944
115,5,0.999945
116,5,0.999946
117,5,0.999947
118,5,0.999948
119,5,0.999949
120,5,0.99995
121,5,0.99995
122,5,0.999951
123,5,0.999952
124,5,0.999953
125,5,0.999954
126,5,0.999954
127,5,0.724334
0,6,0.719082
1,6,0.999955
2,6,0.999954
3,6,0.999953
4,6,0.999952
5,6,0.999951
6,6,0.99995
7,6,0.99995
8,6,0.999949
9,6,0.999948
10,6,0.999947
11,6,0.999946
12,6,0.999945
13,6,0.999944
14,6,0.999943
15,6,0.999942
16,6,0.999941
17,6,0.99994
18,6,0.999939
19,6,0.999938
20,6,0.999937
21,6,0.999936
22,6,0.999935
23,6,0.999934
24,6,0.999933
25,6,0.999932
26,6,0.999931
27,6,0.99993
28,6,0.999928
29,6,0.999927
30,6,0.999926
31,6,0.999925
32,6,0.999924
33,6,0.999923
34,6,0.999922
35,6,0.999921
36,6,0.99992
37,6,0.999919
38,6,0.999917
39,6,0.999916
40,6,0.999915
41,6,0.999914
42,6,0.999913
43,6,0.999912
44,6,0.999911
45,6,0.999911
46,6,0.99991
47,6,0.999909
48,6,0.999908
49,6,0.999907
50,6,0.999906
51,6,0.999906
52,6,0.999905
53,6,0.999904
54,6,0.999904
55,6,0.999903
56,6,0.999903
57,6,0.999902
58,6,0.999902
59,6,0.999902
60,6,0.999901
61,6,0.999901
62,6,0.999901
63,6,0.999901
64,6,0.999901
65,6,0.999901
66,6,0.999901
67,6,0.999901
68,6,0.999901
69,6,0.999902
70,6,0.999902
71,6,0.999902
72,6,0.999903
73,6,0.999903
74,6,0.999904
75,6,0.999904
76,6,0.999905
77,6,0.999906
78,6,0.999906
79,6,0.999907
80,6,0.999908
81,6,0.999909
82,6,0.99991
83,6,0.99991
84,6,0.999911
85,6,0.999912
86,6,0.999913
87,6,0.999914
88,6,0.999915
89,6,0.999916
90,6,0.999917
91,6,0.999919
92,6,0.99992
93,6,0.999921
94,6,0.999922
95,6,0.999923
96,6,0.999924
97,6,0.999925
98,6,0.999926
99,6,0.999927
100,6,0.999928
101,6,0.99993
102,6,0.999931
103,6,0.999932
104,6,0.999933
105,6,0.999934
106,6,0.999935
107,6,0.999936
108,6,0.999937
109,6,0.999938
110,6,0.999939
111,6,0.99994
112,6,0.999941
113,6,0.999942
114,6,0.999943
115,6,0.999944
116,6,0.999945
117,6,0.999946
118,6,0.999947
119,6,0.999948
120,6,0.999949
121,6,0.99995
122,6,0.99995
123,6,0.999951
124,6,0.999952
125,6,0.999953
126,6,0.999954
127,6,0.719103
0,7,0.713736
1,7,0.999954
2,7,0.999953
3,7,0.999952
4,7,0.999951
5,7,0.99995
6,7,0.99995
7,7,0.999949
8,7,0.999948
9,7,0.999947
10,7,0.999946
11,7,0.999945
12,7,0.999944
13,7,0.999943
14,7,0.999942
15,7,0.999941
16,7,0.99994
17,7,0.999939
18,7,0.999938
19,7,0.999937
20,7,0.999936
21,7,0.999935
22,7,0.999933
23,7,0.999932
24,7,0.999931
25,7,0.99993
26,7,0.999929
27,7,0.999928
28,7,0.999927
29,7,0.999925
30,7,0.999924
31,7,0.999923
32,7,0.999922
33,7,0.999921
34,7,0.99992
35,7,0.999918
36,7,0.999917
37,7,0.999916
38,7,0.999915
39,7,0.999914
40,7,0.999913
41,7,0.999912
42,7,0.999911
43,7,0.99991
44,7,0.999909
45,7,0.999908
46,7,0.999907
47,7,0.999906
48,7,0.999905
49,7,0.999904
50,7,0.999903
51,7,0.999902
52,7,0.999902
53,7,0.999901
54,7,0.9999
55,7,0.9999
56,7,0.999899
57,7,0.999899
58,7,0.999898
59,7,0.999898
60,7,0.999898
61,7,0.999898
62,7,0.999897
63,7,0.999897
64,7,0.999897
65,7,0.999897
66,7,0.999897
67,7,0.999898
68,7,0.999898
69,7,0.999898
70,7,0.999898
71,7,0.999899
72,7,0.999899
73,7,0.9999
74,7,0.9999
75,7,0.999901
76,7,0.999902
77,7,0.999902
78,7,0.999903
79,7,0.999904
80,7,0.999905
81,7,0.999906
82,7,0.999907
83,7,0.999908
84,7,0.999909
85,7,0.99991
86,7,0.999911
87,7,0.999912
88,7,0.999913
89,7,0.999914
90,7,0.999915
91,7,0.999916
92,7,0.999917
93,7,0.999918
94,7,0.99992
95,7,0.999921
96,7,0.999922
97,7,0.999923
98,7,0.999924
99,7,0.999925
100,7,0.999927
101,7,0.999928
102,7,0.999929
103,7,0.99993
104,7,0.999931
105,7,0.999932
106,7,0.999933
107,7,0.999935
108,7,0.999936
109,7,0.999937
110,7,0.999938
111,7,0.999939
112,7,0.99994
113,7,0.999941
114,7,0.999942
115,7,0.999943
116,7,0.999944
117,7,0.999945
118,7,0.999946
119,7,0.999947
120,7,0.999948
121,7,0.999949
122,7,0.99995
123,7,0.99995
124,7,0.999951
125,7,0.999952
126,7,0.999953
127,7,0.713757
0,8,0.708273
1,8,0.999953
2,8,0.999952
3,8,0.999951
4,8,0.99995
5,8,0.99995
6,8,0.999949
7,8,0.999948
8,8,0.999947
9,8,0.999946
10,8,0.999945
11,8,0.999944
12,8,0.999943
13,8,0.999942
14,8,0.999941
15,8,0.99994
16,8,0.999939
17,8,0.999938
18,8,0.999936
19,8,0.999935
20,8,0.999934
21,8,0.999933
22,8,0.999932
23,8,0.999931
24,8,0.99993
25,8,0.999928
26,8,0.999927
27,8,0.999926
28,8,0.999925
29,8,0.999924
30,8,0.999922
31,8,0.999921
32,8,0.99992
33,8,0.999919
34,8,0.999917
35,8,0.999916
36,8,0.999915
37,8,0.999914
38,8,0.999913
39,8,0.999911
40,8,0.99991
41,8,0.999909
42,8,0.999908
43,8,0.999907
44,8,0.999906
45,8,0.999905
46,8,0.999904
47,8,0.999903
48,8,0.999902
49,8,0.999901
50,8,0.9999
51,8,0.999899
52,8,0.999898
53,8,0.999898
54,8,0.999897
55,8,0.999896
56,8,0.999896
57,8,0.999895
58,8,0.999895
59,8,0.999894
60,8,0.999894
61,8,0.999894
62,8,0.999894
63,8,0.999894
64,8,0.999894
65,8,0.999894
66,8,0.999894
67,8,0.999894
68,8,0.999894
69,8,0.999894
70,8,0.999895
71,8,0.999895
72,8,0.999896
73,8,0.999896
74,8,0.999897
75,8,0.999898
76,8,0.999898
77,8,0.999899
78,8,0.9999
79,8,0.999901
80,8,0.999902
81,8,0.999903
82,8,0.999904
83,8,0.999905
84,8,0.999906
85,8,0.999907
86,8,0.999908
87,8,0.999909
88,8,0.99991
89,8,0.999911
90,8,0.999913
91,8,0.999914
92,8,0.999915
93,8,0.999916
94,8,0.999917
95,8,0.999919
96,8,0.99992
97,8,0.999921
98,8,0.999922
99,8,0.999924
100,8,0.999925
101,8,0.999926
102,8,0.999927
103,8,0.999928
104,8,0.99993
105,8,0.999931
106,8,0.999932
107,8,0.999933
108,8,0.999934
109,8,0.999935
110,8,0.999937
111,8,0.999938
112,8,0.999939
113,8,0.99994
114,8,0.999941
115,8,0.999942
116,8,0.999943
117,8,0.999944
118,8,0.999945
119,8,0.999946
120,8,0.999947
121,8,0.999948
122,8,0.999949
123,8,0.99995
124,8,0.99995
125,8,0.999951
126,8,0.999952
127,8,0.708295
0,9,0.702693
1,9,0.999952
2,9,0.999951
3,9,0.999951
4,9,0.99995
5,9,0.999949
6,9,0.999948
7,9,0.999947
8,9,0.999946
9,9,0.999945
10,9,0.999944
11,9,0.999943
12,9,0.999942
13,9,0.999941
14,9,0.99994
15,9,0.999939
16,9,0.999937
17,9,0.999936
18,9,0.999935
19,9,0.999934
20,9,0.999933
21,9,0.999932
22,9,0.99993
23,9,0.999929
24,9,0.999928
25,9,0.999927
26,9,0.999925
27,9,0.999924
28,9,0.999923
29,9,0.999922
30,9,0.99992
31,9,0.999919
32,9,0.999918
33,9,0.999916
34,9,0.999915
35,9,0.999914
36,9,0.999913
37,9,0.999911
38,9,0.99991
39,9,0.999909
40,9,0.999907
41,9,0.999906
42,9,0.999905
43,9,0.999904
44,9,0.999903
45,9,0.999902
46,9,0.9999
47,9,0.999899
48,9,0.999898
49,9,0.999897
50,9,0.999896
51,9,0.999896
52,9,0.999895
53,9,0.999894
54,9,0.999893
55,9,0.999893
56,9,0.999892
57,9,0.999891
58,9,0.999891
59,9,0.999891
60,9,0.99989
61,9,0.99989
62,9,0.99989
63,9,0.99989
64,9,0.99989
65,9,0.99989
66,9,0.99989
67,9,0.99989
68,9,0.99989
69,9,0.999891
70,9,0.999891
71,9,0.999891
72,9,0.999892
73,9,0.999893
74,9,0.999893
75,9,0.999894
76,9,0.999895
77,9,0.999896
78,9,0.999896
79,9,0.999897
80,9,0.999898
81,9,0.999899
82,9,0.9999
83,9,0.999901
84,9,0.999903
85,9,0.999904
86,9,0.999905
87,9,0.999906
88,9,0.999907
89,9,0.999909
90,9,0.99991
91,9,0.999911
92,9,0.999912
93,9,0.999914
94,9,0.999915
95,9,0.999916
96,9,0.999918
97,9,0.999919
98,9,0.99992
99,9,0.999922
100,9,0.999923
101,9,0.999924
102,9,0.999925
103,9,0.999927
104,9,0.999928
105,9,0.999929
106,9,0.99993
107,9,0.999932
108,9,0.999933
109,9,0.999934
110,9,0.999935
111,9,0.999936
112,9,0.999937
113,9,0.999939
114,9,0.99994
115,9,0.999941
116,9,0.999942
117,9,0.999943
118,9,0.999944
119,9,0.999945
120,9,0.999946
121,9,0.999947
122,9,0.999948
123,9,0.999949
124,9,0.99995
125,9,0.999951
126,9,0.999951
127,9,0.702715
0,10,0.696994
1,10,0.999952
2,10,0.999951
3,10,0.99995
4,10,0.999949
5,10,0.999948
6,10,0.999947
7,10,0.999946
8,10,0.999945
9,10,0.999944
10,10,0.999943
11,10,0.999942
12,10,0.999941
13,10,0.99994
14,10,0.999938
15,10,0.999937
16,10,0.999936
17,10,0.999935
18,10,0.999934
19,10,0.999933
20,10,0.999931
21,10,0.99993
22,10,0.999929
23,10,0.999927
24,10,0.999926
25,10,0.999925
26,10,0.999924
27,10,0.999922
28,10,0.999921
29,10,0.999919
30,10,0.999918
31,10,0.999917
32,10,0.999915
33,10,0.999914
34,10,0.999913
35,10,0.999911
36,10,0.99991
37,10,0.999908
38,10,0.999907
39,10,0.999906
40,10,0.999905
41,10,0.999903
42,10,0.999902
43,10,0.999901
44,10,0.999899
45,10,0.999898
46,10,0.999897
47,10,0.999896
48,10,0.999895
49,10,0.999894
50,10,0.999893
51,10,0.999892
52,10,0.999891
53,10,0.99989
54,10,0.999889
55,10,0.999889
56,10,0.999888
57,10,0.999887
58,10,0.999887
59,10,0.999887
60,10,0.999886
61,10,0.999886
62,10,0.999886
63,10,0.999886
64,10,0.999886
65,10,0.999886
66,10,0.999886
67,10,0.999886
68,10,0.999886
69,10,0.999887
70,10,0.999887
71,10,0.999887
72,10,0.999888
73,10,0.999889
74,10,0.999889
75,10,0.99989
76,10,0.999891
77,10,0.999892
78,10,0.999893
79,10,0.999894
80,10,0.999895
81,10,0.999896
82,10,0.999897
83,10,0.999898
84,10,0.999899
85,10,0.999901
86,10,0.999902
87,10,0.999903
88,10,0.999904
89,10,0.999906
90,10,0.999907
91,10,0.999909
92,10,0.99991
93,10,0.999911
94,10,0.999913
95,10,0.999914
96,10,0.999915
97,10,0.999917
98,10,0.999918
99,10,0.999919
100,10,0.999921
101,10,0.999922
102,10,0.999924
103,10,0.999925
104,10,0.999926
105,10,0.999927
106,10,0.999929
107,10,0.99993
108,10,0.999931
109,10,0.999933
110,10,0.999934
111,10,0.999935
112,10,0.999936
113,10,0.999937
114,10,0.999938
115,10,0.99994
116,10,0.999941
117,10,0.999942
118,10,0.999943
119,10,0.999944
120,10,0.999945
121,10,0.999946
122,10,0.999947
123,10,0.999948
124,10,0.999949
125,10,0.99995
126,10,0.999951
127,10,0.697016
0,11,0.691174
1,11,0.999951
2,11,0.99995
3,11,0.999949
4,11,0.999948
5,11,0.999947
6,11,0.999946
7,11,0.999945
8,11,0.999944
9,11,0.999943
10,11,0.999942
11,11,0.999941
12,11,0.99994
13,11,0.999938
14,11,0.999937
15,11,0.999936
16,11,0.999935
17,11,0.999934
18,11,0.999932
19,11,0.999931
20,11,0.99993
21,11,0.999928
22,11,0.999927
23,11,0.999926
24,11,0.999924
25,11,0.999923
26,11,0.999922
27,11,0.99992
28,11,0.999919
29,11,0.999917
30,11,0.999916
31,11,0.999914
32,11,0.999913
33,11,0.999912
34,11,0.99991
35,11,0.999909
36,11,0.999907
37,11,0.999906
38,11,0.999904
39,11,0.999903
40,11,0.999902
41,11,0.9999
42,11,0.999899
43,11,0.999897
44,11,0.999896
45,11,0.999895
46,11,0.999894
47,11,0.999892
48,11,0.999891
49,11,0.99989
50,11,0.999889
51,11,0.999888
52,11,0.999887
53,11,0.999886
54,11,0.999885
55,11,0.999885
56,11,0.999884
57,11,0.999883
58,11,0.999883
59,11,0.999882
60,11,0.999882
61,11,0.999882
62,11,0.999881
63,11,0.999881
64,11,0.999881
65,11,0.999881
66,11,0.999881
67,11,0.999882
68,11,0.999882
69,11,0.999882
70,11,0.999883
71,11,0.999883
72,11,0.999884
73,11,0.999885
74,11,0.999885
75,11,0.999886
76,11,0.999887
77,11,0.999888
78,11,0.999889
79,11,0.99989
80,11,0.999891
81,11,0.999892
82,11,0.999894
83,11,0.999895
84,11,0.999896
85,11,0.999897
86,11,0.999899
87,11,0.9999
88,11,0.999901
89,11,0.999903
90,11,0.999904
91,11,0.999906
92,11,0.999907
93,11,0.999909
94,11,0.99991
95,11,0.999912
96,11,0.999913
97,11,0.999914
98,11,0.999916
99,11,0.999917
100,11,0.999919
101,11,0.99992
102,11,0.999922
103,11,0.999923
104,11,0.999924
105,11,0.999926
106,11,0.999927
107,11,0.999928
108,11,0.99993
109,11,0.999931
110,11,0.999932
111,11,0.999934
112,11,0.999935
113,11,0.999936
114,11,0.999937
115,11,0.999938
116,11,0.99994
117,11,0.999941
118,11,0.999942
119,11,0.999943
120,11,0.999944
121,11,0.999945
122,11,0.999946
123,11,0.999947
124,11,0.999948
125,11,0.999949
126,11,0.99995
127,11,0.691197
0,12,0.685232
1,12,0.99995
2,12,0.999949
3,12,0.999948
4,12,0.999947
5,12,0.999946
6,12,0.999945
7,12,0.999944
8,12,0.999943
9,12,0.999942
10,12,0.999941
11,12,0.99994
12,12,0.999938
13,12,0.999937
14,12,0.999936
15,12,0.999935
16,12,0.999933
17,12,0.999932
18,12,0.999931
19,12,0.999929
20,12,0.999928
21,12,0.999927
22,12,0.999925
23,12,0.999924
24,12,0.999923
25,12,0.999921
26,12,0.99992
27,12,0.999918
28,12,0.999917
29,12,0.999915
30,12,0.999914
31,12,0.999912
32,12,0.999911
33,12,0.999909
34,12,0.999907
35,12,0.999906
36,12,0.999904
37,12,0.999903
38,12,0.999901
39,12,0.9999
40,12,0.999898
41,12,0.999897
42,12,0.999895
43,12,0.999894
44,12,0.999893
45,12,0.999891
46,12,0.99989
47,12,0.999889
48,12,0.999887
49,12,0.999886
50,12,0.999885
51,12,0.999884
52,12,0.999883
53,12,0.999882
54,12,0.999881
55,12,0.99988
56,12,0.99988
57,12,0.999879
58,12,0.999878
59,12,0.999878
60,12,0.999877
61,12,0.999877
62,12,0.999877
63,12,0.999877
64,12,0.999877
65,12,0.999877
66,12,0.999877
67,12,0.999877
68,12,0.999877
69,12,0.999878
70,12,0.999878
71,12,0.999879
72,12,0.99988
73,12,0.99988
74,12,0.999881
75,12,0.999882
76,12,0.999883
77,12,0.999884
78,12,0.999885
79,12,0.999886
80,12,0.999887
81,12,0.999889
82,12,0.99989
83,12,0.999891
84,12,0.999893
85,12,0.999894
86,12,0.999895
87,12,0.999897
88,12,0.999898
89,12,0.9999
90,12,0.999901
91,12,0.999903
92,12,0.999904
93,12,0.999906
94,12,0.999907
95,12,0.999909
96,12,0.999911
97,12,0.999912
98,12,0.999914
99,12,0.999915
100,12,0.999917
101,12,0.999918
102,12,0.99992
103,12,0.999921
104,12,0.999923
105,12,0.999924
106,12,0.999925
107,12,0.999927
108,12,0.999928
109,12,0.999929
110,12,0.999931
111,12,0.999932
112,12,0.999933
113,12,0.999935
114,12,0.999936
115,12,0.999937
116,12,0.999938
117,12,0.99994
118,12,0.999941
119,12,0.999942
120,12,0.999943
121,12,0.999944
122,12,0.999945
123,12,0.999946
124,12,0.999947
125,12,0.999948
126,12,0.999949
127,12,0.685255
0,13,0.679166
1,13,0.999949
2,13,0.999948
3,13,0.999947
4,13,0.999946
5,13,0.999945
6,13,0.999944
7,13,0.999943
8,13,0.999942
9,13,0.999941
10,13,0.99994
11,13,0.999938
12,13,0.999937
13,13,0.999936
14,13,0.999935
15,13,0.999933
16,13,0.999932
17,13,0.999931
18,13,0.999929
19,13,0.999928
20,13,0.999927
21,13,0.999925
22,13,0.999924
23,13,0.999922
24,13,0.999921
25,13,0.999919
26,13,0.999918
27,13,0.999916
28,13,0.999914
29,13,0.999913
30,13,0.999911
31,13,0.99991
32,13,0.999908
33,13,0.999906
34,13,0.999905
35,13,0.999903
36,13,0.999901
37,13,0.9999
38,13,0.999898
39,13,0.999897
40,13,0.999895
41,13,0.999893
42,13,0.999892
43,13,0.99989
44,13,0.999889
45,13,0.999887
46,13,0.999886
47,13,0.999885
48,13,0.999883
49,13,0.999882
50,13,0.999881
51,13,0.99988
52,13,0.999878
53,13,0.999877
54,13,0.999876
55,13,0.999876
56,13,0.999875
57,13,0.999874
58,13,0.999874
59,13,0.999873
60,13,0.999873
61,13,0.999872
62,13,0.999872
63,13,0.999872
64,13,0.999872
65,13,0.999872
66,13,0.999872
67,13,0.999872
68,13,0.999873
69,13,0.999873
70,13,0.999873
71,13,0.999874
72,13,0.999875
73,13,0.999876
74,13,0.999877
75,13,0.999877
76,13,0.999878
77,13,0.99988
78,13,0.999881
79,13,0.999882
80,13,0.999883
81,13,0.999885
82,13,0.999886
83,13,0.999887
84,13,0.999889
85,13,0.99989
86,13,0.999892
87,13,0.999893
88,13,0.999895
89,13,0.999897
90,13,0.999898
91,13,0.9999
92,13,0.999901
93,13,0.999903
94,13,0.999905
95,13,0.999906
96,13,0.999908
97,13,0.99991
98,13,0.999911
99,13,0.999913
100,13,0.999914
101,13,0.999916
102,13,0.999918
103,13,0.999919
104,13,0.999921
105,13,0.999922
106,13,0.999924
107,13,0.999925
108,13,0.999926
109,13,0.999928
110,13,0.999929
111,13,0.999931
112,13,0.999932
113,13,0.999933
114,13,0.999935
115,13,0.999936
116,13,0.999937
117,13,0.999938
118,13,0.99994
119,13,0.999941
120,13,0.999942
121,13,0.999943
122,13,0.999944
123,13,0.999945
124,13,0.999946
125,13,0.999947
126,13,0.999948
127,13,0.679189
0,14,0.672976
1,14,0.999948
2,14,0.999947
3,14,0.999946
4,14,0.999945
5,14,0.999944
6,14,0.999943
7,14,0.999942
8,14,0.999941
9,14,0.99994
10,14,0.999938
11,14,0.999937
12,14,0.999936
13,14,0.999935
14,14,0.999933
15,14,0.999932
16,14,0.999931
17,14,0.999929
18,14,0.999928
19,14,0.999926
20,14,0.999925
21,14,0.999923
22,14,0.999922
23,14,0.99992
24,14,0.999919
25,14,0.999917
26,14,0.999915
27,14,0.999914
28,14,0.999912
29,14,0.999911
30,14,0.999909
31,14,0.999907
32,14,0.999905
33,14,0.999904
34,14,0.999902
35,14,0.9999
36,14,0.999898
37,14,0.999897
38,14,0.999895
39,14,0.999893
40,14,0.999892
41,14,0.99989
42,14,0.999888
43,14,0.999887
44,14,0.999885
45,14,0.999883
46,14,0.999882
47,14,0.99988
48,14,0.999879
49,14,0.999878
50,14,0.999876
51,14,0.999875
52,14,0.999874
53,14,0.999873
54,14,0.999872
55,14,0.999871
56,14,0.99987
57,14,0.999869
58,14,0.999868
59,14,0.999868
60,14,0.999867
61,14,0.999867
62,14,0.999867
63,14,0.999867
64,14,0.999867
65,14,0.999867
66,14,0.999867
67,14,0.999867
68,14,0.999867
69,14,0.999868
70,14,0.999869
71,14,0.999869
72,14,0.99987
73,14,0.999871
74,14,0.999872
75,14,0.999873
76,14,0.999874
77,14,0.999875
78,14,0.999876
79,14,0.999878
80,14,0.999879
81,14,0.99988
82,14,0.999882
83,14,0.999883
84,14,0.999885
85,14,0.999887
86,14,0.999888
87,14,0.99989
88,14,0.999892
89,14,0.999893
90,14,0.999895
91,14,0.999897
92,14,0.999898
93,14,0.9999
94,14,0.999902
95,14,0.999904
96,14,0.999905
97,14,0.999907
98,14,0.999909
99,14,0.99991
100,14,0.999912
101,14,0.999914
102,14,0.999915
103,14,0.999917
104,14,0.999919
105,14,0.99992
106,14,0.999922
107,14,0.999923
108,14,0.999925
109,14,0.999926
110,14,0.999928
111,14,0.999929
112,14,0.999931
113,14,0.999932
114,14,0.999933
115,14,0.999935
116,14,0.999936
117,14,0.999937
118,14,0.999938
119,14,0.99994
120,14,0.999941
121,14,0.999942
122,14,0.999943
123,14,0.999944
124,14,0.999945
125,14,0.999946
126,14,0.999947
127,14,0.673
0,15,0.548114
1,15,0.999948
2,15,0.999947
3,15,0.999946
4,15,0.999944
5,15,0.999943
6,15,0.999942
7,15,0.999941
8,15,0.99994
9,15,0.999939
10,15,0.999937
11,15,0.999936
12,15,0.999935
13,15,0.999933
14,15,0.999932
15,15,0.814052
16,15,0.790234
17,15,0.999928
18,15,0.999926
19,15,0.999925
20,15,0.999923
21,15,0.999922
22,15,0.99992
23,15,0.999918
24,15,0.999917
25,15,0.999915
26,15,0.999913
27,15,0.999912
28,15,0.99991
29,15,0.999908
30,15,0.999906
31,15,0.831791
32,15,0.802912
33,15,0.999901
34,15,0.999899
35,15,0.999897
36,15,0.999895
37,15,0.999893
38,15,0.999892
39,15,0.99989
40,15,0.999888
41,15,0.999886
42,15,0.999884
43,15,0.999883
44,15,0.999881
45,15,0.999879
46,15,0.999878
47,15,0.85863
48,15,0.818712
49,15,0.999873
50,15,0.999872
51,15,0.99987
52,15,0.999869
53,15,0.999868
54,15,0.999867
55,15,0.999866
56,15,0.999865
57,15,0.999864
58,15,0.999863
59,15,0.999862
60,15,0.999862
61,15,0.999862
62,15,0.999861
63,15,0.893167
64,15,0.831375
65,15,0.999861
66,15,0.999861
67,15,0.999862
68,15,0.999862
69,15,0.999862
70,15,0.999863
71,15,0.999864
72,15,0.999865
73,15,0.999866
74,15,0.999867
75,15,0.999868
76,15,0.999869
77,15,0.99987
78,15,0.999872
79,15,0.927119
80,15,0.884354
81,15,0.999876
82,15,0.999878
83,15,0.999879
84,15,0.999881
85,15,0.999883
86,15,0.999884
87,15,0.999886
88,15,0.999888
89,15,0.99989
90,15,0.999892
91,15,0.999893
92,15,0.999895
93,15,0.999897
94,15,0.999899
95,15,0.952606
96,15,0.866035
97,15,0.999904
98,15,0.999906
99,15,0.999908
100,15,0.99991
101,15,0.999912
102,15,0.999913
103,15,0.999915
104,15,0.999917
105,15,0.999918
106,15,0.99992
107,15,0.999922
108,15,0.999923
109,15,0.999925
110,15,0.999926
111,15,0.968889
112,15,0.914743
113,15,0.999931
114,15,0.999932
115,15,0.999933
116,15,0.999935
117,15,0.999936
118,15,0.999937
119,15,0.999939
120,15,0.99994
121,15,0.999941
122,15,0.999942
123,15,0.999943
124,15,0.999944
125,15,0.999946
126,15,0.999947
127,15,0.714875
0,16,0.53125
1,16,0.999947
2,16,0.999946
3,16,0.999945
4,16,0.999943
5,16,0.999942
6,16,0.999941
7,16,0.99994
8,16,0.999939
9,16,0.999937
10,16,0.999936
11,16,0.999935
12,16,0.999933
13,16,0.999932
14,16,0.999931
15,16,0.812978
16,16,0.780613
17,16,0.999926
18,16,0.999925
19,16,0.999923
20,16,0.999921
21,16,0.99992
22,16,0.999918
23,16,0.999916
24,16,0.999915
25,16,0.999913
26,16,0.999911
27,16,0.999909
28,16,0.999907
29,16,0.999905
30,16,0.999904
31,16,0.830648
32,16,0.777696
33,16,0.999898
34,16,0.999896
35,16,0.999894
36,16,0.999892
37,16,0.99989
38,16,0.999888
39,16,0.999886
40,16,0.999884
41,16,0.999882
42,16,0.99988
43,16,0.999878
44,16,0.999877
45,16,0.999875
46,16,0.999873
47,16,0.857788
48,16,0.781614
49,16,0.999868
50,16,0.999867
51,16,0.999865
52,16,0.999864
53,16,0.999862
54,16,0.999861
55,16,0.99986
56,16,0.999859
57,16,0.999858
58,16,0.999857
59,16,0.999857
60,16,0.999856
61,16,0.999856
62,16,0.999855
63,16,0.893111
64,16,0.797712
65,16,0.999855
66,16,0.999855
67,16,0.999856
68,16,0.999856
69,16,0.999857
70,16,0.999857
71,16,0.999858
72,16,0.999859
73,16,0.99986
74,16,0.999861
75,16,0.999862
76,16,0.999864
77,16,0.999865
78,16,0.999867
79,16,0.927833
80,16,0.823932
81,16,0.999871
82,16,0.999873
83,16,0.999875
84,16,0.999877
85,16,0.999878
86,16,0.99988
87,16,0.999882
88,16,0.999884
89,16,0.999886
90,16,0.999888
91,16,0.99989
92,16,0.999892
93,16,0.999894
94,16,0.999896
95,16,0.953592
96,16,0.850766
97,16,0.999902
98,16,0.999904
99,16,0.999906
100,16,0.999907
101,16,0.999909
102,16,0.999911
103,16,0.999913
104,16,0.999915
105,16,0.999916
106,16,0.999918
107,16,0.99992
108,16,0.999921
109,16,0.999923
110,16,0.999925
111,16,0.969804
112,16,0.872254
113,16,0.999929
114,16,0.999931
115,16,0.999932
116,16,0.999933
117,16,0.999935
118,16,0.999936
119,16,0.999937
120,16,0.999939
121,16,0.99994
122,16,0.999941
123,16,0.999942
124,16,0.999943
125,16,0.999945
126,16,0.999946
127,16,0.709101
0,17,0.653651
1,17,0.999946
2,17,0.999945
3,17,0.999944
4,17,0.999943
5,17,0.999941
6,17,0.99994
7,17,0.999939
8,17,0.999938
9,17,0.999936
10,17,0.999935
11,17,0.999934
12,17,0.999932
13,17,0.999931
14,17,0.999929
15,17,0.999928
16,17,0.999926
17,17,0.999925
18,17,0.999923
19,17,0.999921
20,17,0.99992
21,17,0.999918
22,17,0.999916
23,17,0.999914
24,17,0.999912
25,17,0.999911
26,17,0.999909
27,17,0.999907
28,17,0.999905
29,17,0.999903
30,17,0.999901
31,17,0.999899
32,17,0.999897
33,17,0.999895
34,17,0.999893
35,17,0.999891
36,17,0.999889
37,17,0.999887
38,17,0.999884
39,17,0.999882
40,17,0.99988
41,17,0.999878
42,17,0.999876
43,17,0.999874
44,17,0.999872
45,17,0.99987
46,17,0.999868
47,17,0.999866
48,17,0.999865
49,17,0.999863
50,17,0.999861
51,17,0.99986
52,17,0.999858
53,17,0.999857
54,17,0.999856
55,17,0.999854
56,17,0.999853
57,17,0.999852
58,17,0.999851
59,17,0.999851
60,17,0.99985
61,17,0.99985
62,17,0.999849
63,17,0.999849
64,17,0.999849
65,17,0.999849
66,17,0.999849
67,17,0.99985
68,17,0.99985
69,17,0.999851
70,17,0.999851
71,17,0.999852
72,17,0.999853
73,17,0.999854
74,17,0.999856
75,17,0.999857
76,17,0.999858
77,17,0.99986
78,17,0.999861
79,17,0.999863
80,17,0.999865
81,17,0.999867
82,17,0.999868
83,17,0.99987
84,17,0.999872
85,17,0.999874
86,17,0.999876
87,17,0.999878
88,17,0.99988
89,17,0.999882
90,17,0.999884
91,17,0.999887
92,17,0.999889
93,17,0.999891
94,17,0.999893
95,17,0.999895
96,17,0.999897
97,17,0.999899
98,17,0.999901
99,17,0.999903
100,17,0.999905
101,17,0.999907
102,17,0.999909
103,17,0.999911
104,17,0.999912
105,17,0.999914
106,17,0.999916
107,17,0.999918
108,17,0.99992
109,17,0.999921
110,17,0.999923
111,17,0.999925
112,17,0.999926
113,17,0.999928
114,17,0.999929
115,17,0.999931
116,17,0.999932
117,17,0.999933
118,17,0.999935
119,17,0.999936
120,17,0.999938
121,17,0.999939
122,17,0.99994
123,17,0.999941
124,17,0.999943
125,17,0.999944
126,17,0.999945
127,17,0.653676
0,18,0.646956
1,18,0.999945
2,18,0.999944
3,18,0.999943
4,18,0.999942
5,18,0.99994
6,18,0.999939
7,18,0.999938
8,18,0.999937
9,18,0.999935
10,18,0.999934
11,18,0.999932
12,18,0.999931
13,18,0.999929
14,18,0.999928
15,18,0.999926
16,18,0.999925
17,18,0.999923
18,18,0.999921
19,18,0.999919
20,18,0.999918
21,18,0.999916
22,18,0.999914
23,18,0.999912
24,18,0.99991
25,18,0.999908
26,18,0.999906
27,18,0.999904
28,18,0.999902
29,18,0.9999
30,18,0.999898
31,18,0.999896
32,18,0.999894
33,18,0.999892
34,18,0.999889
35,18,0.999887
36,18,0.999885
37,18,0.999883
38,18,0.99988
39,18,0.999878
40,18,0.999876
41,18,0.999874
42,18,0.999872
43,18,0.99987
44,18,0.999867
45,18,0.999865
46,18,0.999863
47,18,0.999861
48,18,0.999859
49,18,0.999858
50,18,0.999856
51,18,0.999854
52,18,0.999852
53,18,0.999851
54,18,0.999849
55,18,0.999848
56,18,0.999847
57,18,0.999846
58,18,0.999845
59,18,0.999844
60,18,0.999844
61,18,0.999843
62,18,0.999843
63,18,0.999842
64,18,0.999842
65,18,0.999842
66,18,0.999843
67,18,0.999843
68,18,0.999843
69,18,0.999844
70,18,0.999845
71,18,0.999846
72,18,0.999847
73,18,0.999848
74,18,0.999849
75,18,0.999851
76,18,0.999852
77,18,0.999854
78,18,0.999856
79,18,0.999858
80,18,0.999859
81,18,0.999861
82,18,0.999863
83,18,0.999865
84,18,0.999867
85,18,0.99987
86,18,0.999872
87,18,0.999874
88,18,0.999876
89,18,0.999878
90,18,0.99988
91,18,0.999883
92,18,0.999885
93,18,0.999887
94,18,0.999889
95,18,0.999892
96,18,0.999894
97,18,0.999896
98,18,0.999898
99,18,0.9999
100,18,0.999902
101,18,0.999904
102,18,0.999906
103,18,0.999908
104,18,0.99991
105,18,0.999912
106,18,0.999914
107,18,0.999916
108,18,0.999918
109,18,0.999919
110,18,0.999921
111,18,0.999923
112,18,0.999925
113,18,0.999926
114,18,0.999928
115,18,0.999929
116,18,0.999931
117,18,0.999932
118,18,0.999934
119,18,0.999935
120,18,0.999937
121,18,0.999938
122,18,0.999939
123,18,0.99994
124,18,0.999942
125,18,0.999943
126,18,0.999944
127,18,0.646981
0,19,0.640134
1,19,0.999944
2,19,0.999943
3,19,0.999942
4,19,0.999941
5,19,0.999939
6,19,0.999938
7,19,0.999937
8,19,0.999935
9,19,0.999934
10,19,0.999933
11,19,0.999931
12,19,0.999929
13,19,0.999928
14,19,0.999926
15,19,0.999925
16,19,0.999923
17,19,0.999921
18,19,0.99992
19,19,0.999918
20,19,0.999916
21,19,0.999914
22,19,0.999912
23,19,0.99991
24,19,0.999908
25,19,0.999906
26,19,0.999904
27,19,0.999902
28,19,0.9999
29,19,0.999897
30,19,0.999895
31,19,0.999893
32,19,0.999891
33,19,0.999888
34,19,0.999886
35,19,0.999884
36,19,0.999881
37,19,0.999879
38,19,0.999877
39,19,0.999874
40,19,0.999872
41,19,0.99987
42,19,0.999867
43,19,0.999865
44,19,0.999863
45,19,0.99986
46,19,0.999858
47,19,0.999856
48,19,0.999854
49,19,0.999852
50,19,0.99985
51,19,0.999848
52,19,0.999846
53,19,0.999845
54,19,0.999843
55,19,0.999842
56,19,0.99984
57,19,0.999839
58,19,0.999838
59,19,0.999837
60,19,0.999837
61,19,0.999836
62,19,0.999835
63,19,0.999835
64,19,0.999835
65,19,0.999835
66,19,0.999836
67,19,0.999836
68,19,0.999837
69,19,0.999837
70,19,0.999838
71,19,0.999839
72,19,0.99984
73,19,0.999842
74,19,0.999843
75,19,0.999845
76,19,0.999846
77,19,0.999848
78,19,0.99985
79,19,0.999852
80,19,0.999854
81,19,0.999856
82,19,0.999858
83,19,0.99986
84,19,0.999862
85,19,0.999865
86,19,0.999867
87,19,0.999869
88,19,0.999872
89,19,0.999874
90,19,0.999876
91,19,0.999879
92,19,0.999881
93,19,0.999884
94,19,0.999886
95,19,0.999888
96,19,0.999891
97,19,0.999893
98,19,0.999895
99,19,0.999897
100,19,0.9999
101,19,0.999902
102,19,0.999904
103,19,0.999906
104,19,0.999908
105,19,0.99991
106,19,0.999912
107,19,0.999914
108,19,0.999916
109,19,0.999918
110,19,0.99992
111,19,0.999921
112,19,0.999923
113,19,0.999925
114,19,0.999926
115,19,0.999928
116,19,0.999929
117,19,0.999931
118,19,0.999933
119,19,0.999934
120,19,0.999935
121,19,0.999937
122,19,0.999938
123,19,0.999939
124,19,0.999941
125,19,0.999942
126,19,0.999943
127,19,0.64016
0,20,0.633186
1,20,0.999943
2,20,0.999942
3,20,0.999941
4,20,0.99994
5,20,0.999938
6,20,0.999937
7,20,0.999936
8,20,0.999934
9,20,0.999933
10,20,0.999931
11,20,0.99993
12,20,0.999928
13,20,0.999926
14,20,0.999925
15,20,0.999923
16,20,0.999921
17,20,0.99992
18,20,0.999918
19,20,0.999916
20,20,0.999914
21,20,0.999912
22,20,0.99991
23,20,0.999908
24,20,0.999906
25,20,0.999904
26,20,0.999901
27,20,0.999899
28,20,0.999897
29,20,0.999895
30,20,0.999892
31,20,0.99989
32,20,0.999887
33,20,0.999885
34,20,0.999882
35,20,0.99988
36,20,0.999877
37,20,0.999875
38,20,0.999872
39,20,0.99987
40,20,0.999867
41,20,0.999865
42,20,0.999862
43,20,0.99986
44,20,0.999857
45,20,0.999855
46,20,0.999852
47,20,0.99985
48,20,0.999848
49,20,0.999846
50,20,0.999844
51,20,0.999842
52,20,0.99984
53,20,0.999838
54,20,0.999836
55,20,0.999835
56,20,0.999833
57,20,0.999832
58,20,0.999831
59,20,0.99983
60,20,0.999829
61,20,0.999828
62,20,0.999828
63,20,0.999828
64,20,0.999828
65,20,0.999828
66,20,0.999828
67,20,0.999828
68,20,0.999829
69,20,0.99983
70,20,0.999831
71,20,0.999832
72,20,0.999833
73,20,0.999835
74,20,0.999836
75,20,0.999838
76,20,0.99984
77,20,0.999842
78,20,0.999844
79,20,0.999846
80,20,0.999848
81,20,0.99985
82,20,0.999852
83,20,0.999855
84,20,0.999857
85,20,0.99986
86,20,0.999862
87,20,0.999865
88,20,0.999867
89,20,0.99987
90,20,0.999872
91,20,0.999875
92,20,0.999877
93,20,0.99988
94,20,0.999882
95,20,0.999885
96,20,0.999887
97,20,0.99989
98,20,0.999892
99,20,0.999894
100,20,0.999897
101,20,0.999899
102,20,0.999901
103,20,0.999904
104,20,0.999906
105,20,0.999908
106,20,0.99991
107,20,0.999912
108,20,0.999914
109,20,0.999916
110,20,0.999918
111,20,0.99992
112,20,0.999921
113,20,0.999923
114,20,0.999925
115,20,0.999927
116,20,0.999928
117,20,0.99993
118,20,0.999931
119,20,0.999933
120,20,0.999934
121,20,0.999936
122,20,0.999937
123,20,0.999938
124,20,0.99994
125,20,0.999941
126,20,0.999942
127,20,0.633211
0,21,0.626111
1,21,0.999943
2,21,0.999941
3,21,0.99994
4,21,0.999939
5,21,0.999937
6,21,0.999936
7,21,0.999935
8,21,0.999933
9,21,0.999932
10,21,0.99993
11,21,0.999928
12,21,0.999927
13,21,0.999925
14,21,0.999923
15,21,0.999922
16,21,0.99992
17,21,0.999918
18,21,0.999916
19,21,0.999914
20,21,0.999912
21,21,0.99991
22,21,0.999908
23,21,0.999906
24,21,0.999903
25,21,0.999901
26,21,0.999899
27,21,0.999896
28,21,0.999894
29,21,0.999892
30,21,0.999889
31,21,0.999887
32,21,0.999884
33,21,0.999881
34,21,0.999879
35,21,0.999876
36,21,0.999873
37,21,0.999871
38,21,0.999868
39,21,0.999865
40,21,0.999862
41,21,0.99986
42,21,0.999857
43,21,0.999854
44,21,0.999852
45,21,0.999849
46,21,0.999846
47,21,0.999844
48,21,0.999842
49,21,0.999839
50,21,0.999837
51,21,0.999835
52,21,0.999833
53,21,0.999831
54,21,0.999829
55,21,0.999827
56,21,0.999826
57,21,0.999824
